Data/DataNotYetUploadedToEDI/Raw_CTD/RawDownloads/022724_fcr50_S7809005.cnv
* Sea-Bird SBE19plus  Data File:
* FileName = C:\R\Reservoirs\Data\DataNotYetUploadedToEDI\Raw_CTD\RawDownloads\022724_fcr50_S7809_0005.hex
* Software version 2.8.0.119
* Temperature SN = 7809
* Conductivity SN = 7809
* System UpLoad Time = Feb 28 2024 09:38:18
* <ApplicationData>
* <Seaterm232>
# nquan = 15
# nvalues = 1413                        
# units = specified
# name 0 = depFM: Depth [fresh water, m]
# name 1 = dz/dtM: Descent Rate [m/s]
# name 2 = sbeox0Mg/L: Oxygen, SBE 43 [mg/l]
# name 3 = sbeox0PS: Oxygen, SBE 43 [% saturation]
# name 4 = specc: Specific Conductance [uS/cm]
# name 5 = c0uS/cm: Conductivity [uS/cm]
# name 6 = flECO-AFL: Fluorescence, WET Labs ECO-AFL/FL [mg/m^3]
# name 7 = ph: pH
# name 8 = orp: Oxidation Reduction Potential [mV]
# name 9 = par/sat/log: PAR/Logarithmic, Satlantic
# name 10 = turbWETntu0: Turbidity, WET Labs ECO [NTU]
# name 11 = prdM: Pressure, Strain Gauge [db]
# name 12 = prdE: Pressure, Strain Gauge [psi]
# name 13 = tv290C: Temperature [ITS-90, deg C]
# name 14 = flag:  0.000e+00
# span 0 =     -0.719,      9.391       
# span 1 =     -0.233,      0.265       
# span 2 =     8.9818,    12.0352       
# span 3 =     72.997,    100.427       
# span 4 =      0.668,     71.426       
# span 5 =   0.452813,  46.691393       
# span 6 =    -0.1764,    13.9252       
# span 7 =      5.425,      7.338       
# span 8 =   160.4111,   367.4721       
# span 9 = 1.2364e-01, 1.7567e+02       
# span 10 =     0.8813,    27.2767      
# span 11 =     -0.705,      9.211      
# span 12 =     -1.023,     13.359      
# span 13 =     6.0659,     8.9046      
# span 14 = 0.0000e+00, 0.0000e+00      
# interval = seconds: 0.25
# start_time = Feb 27 2024 14:21:00 [Instrument's time stamp, header]
# bad_flag = -9.990e-29
*END*
[from data line 1350]
      0.571     -0.179    10.8315     87.503     38.291  23.800763    10.6653      7.228   319.7062 3.9289e+01     7.1930      0.546      0.792     6.0773 0.0000e+00
      0.546     -0.180    10.8364     87.359     38.302  23.807911    10.6768      7.232   321.4667 3.9635e+01     7.2779      0.531      0.771     6.0773 0.0000e+00
      0.530     -0.175    10.8440     87.066     38.317  23.817353    10.7073      7.238   322.2345 4.0785e+01     7.3237      0.528      0.765     6.0774 0.0000e+00
      0.495     -0.165    10.8680     86.720     38.372  23.851515    10.7257      7.238   322.0199 4.3811e+01     7.2005      0.500      0.724     6.0774 0.0000e+00
      0.429     -0.157    10.8801     86.396     38.457  23.903879    10.7248      7.231   321.4539 4.8064e+01     7.0511      0.425      0.617     6.0776 0.0000e+00
      0.359     -0.157    10.8585     86.129     38.519  23.943161    10.7216      7.221   319.7784 5.1049e+01     7.0208      0.336      0.488     6.0777 0.0000e+00
      0.318     -0.164    10.8166     85.889     38.524  23.945979    10.7282      7.216   317.4205 5.1485e+01     7.0731      0.301      0.436     6.0778 0.0000e+00
      0.304     -0.175    10.7719     85.724     38.511  23.937961    10.7296      7.220   316.0034 5.1398e+01     7.1370      0.299      0.435     6.0777 0.0000e+00
      0.290     -0.185    10.7276     85.761     38.566  23.973047    10.7220      7.229   316.7558 5.3166e+01     7.1788      0.296      0.429     6.0778 0.0000e+00
      0.249     -0.196    10.6987     85.932     38.695  24.053117    10.7196      7.235   318.9457 5.7579e+01     7.2029      0.259      0.376     6.0780 0.0000e+00
      0.171     -0.208    10.6686     86.083     38.945  24.208513    10.7338      7.235   319.8522 6.4666e+01     7.2571      0.171      0.249     6.0783 0.0000e+00
      0.082     -0.221    10.6352     86.194     39.140  24.329929    10.7357      7.232   318.5961 7.1824e+01     7.2532      0.072      0.104     6.0786 0.0000e+00
      0.015     -0.229    10.6458     86.242     39.015  24.252823    10.7012      7.234   316.6640 7.4413e+01     7.1220      0.001      0.002     6.0786 0.0000e+00
     -0.023     -0.223    10.6790     86.160     38.974  24.227486    10.6749      7.239   315.5059 7.5483e+01     7.0716     -0.026     -0.038     6.0785 0.0000e+00
     -0.054     -0.203    10.6928     85.918     39.257  24.404073    10.6918      7.241   315.2621 8.6297e+01     7.1558     -0.040     -0.059     6.0785 0.0000e+00
     -0.108     -0.180    10.7091     85.570     39.387  24.485427    10.7896      7.238   315.9539 1.0142e+02     7.1839     -0.096     -0.139     6.0788 0.0000e+00
     -0.178     -0.162    10.7184     85.227     39.227  24.386717    10.9419      7.234   317.2450 1.0560e+02     7.1039     -0.186     -0.270     6.0799 0.0000e+00
     -0.230     -0.147    10.7094     84.938     39.170  24.352080    11.0184      7.232   317.7956 1.0315e+02     7.0079     -0.239     -0.347     6.0808 0.0000e+00
     -0.253     -0.125    10.6781     84.734     39.322  24.447141    11.0318      7.231   317.7067 1.0186e+02     7.0143     -0.249     -0.360     6.0805 0.0000e+00
     -0.270     -0.097    10.6265     84.681     39.442  24.521418    11.1530      7.228   317.5469 1.0138e+02     7.1472     -0.261     -0.379     6.0808 0.0000e+00
     -0.291     -0.076    10.5830     84.811     39.593  24.615993    11.3686      7.220   316.2934 1.0065e+02     7.2482     -0.289     -0.418     6.0832 0.0000e+00
     -0.307     -0.081    10.5466     85.108     40.038  24.893039    11.4754      7.214   313.4776 9.9900e+01     7.2444     -0.305     -0.443     6.0846 0.0000e+00
     -0.315     -0.115    10.5162     85.497     41.562  25.841779    11.4454      7.213   310.1740 9.9618e+01     7.2383     -0.310     -0.450     6.0842 0.0000e+00
     -0.325     -0.162    10.5091     85.927     44.877  27.905660    11.0885      7.211   307.4956 9.8600e+01     7.2425     -0.314     -0.455     6.0842 0.0000e+00
     -0.355     -0.203    10.5256     86.425     48.538  30.185115    10.4398      7.198   306.2173 9.5575e+01     7.2267     -0.331     -0.480     6.0844 0.0000e+00
     -0.429     -0.228    10.5652     86.858     53.947  33.549000    10.0771      7.178   305.5587 9.0075e+01     7.1840     -0.404     -0.586     6.0853 0.0000e+00
     -0.537     -0.233    10.6198     87.103     54.874  34.124180    10.0155      7.159   305.1257 8.3900e+01     7.1021     -0.532     -0.772     6.0863 0.0000e+00
     -0.634     -0.213    10.6630     87.332     39.713  24.695479     9.8530      7.144   306.1439 7.8210e+01     7.1251     -0.643     -0.932     6.0895 0.0000e+00
     -0.687     -0.172    10.7327     87.665     21.260  13.220725     8.0961      7.131   307.0294 7.2796e+01     7.7350     -0.687     -0.996     6.0944 0.0000e+00
     -0.703     -0.116    10.7994     87.904     14.603   9.081147     4.8626      7.118   293.4615 6.8176e+01     8.8064     -0.693     -1.004     6.0939 0.0000e+00
     -0.705     -0.060    10.8146     87.865     13.458   8.369580     3.0920      7.103   269.0894 6.4718e+01     9.3869     -0.692     -1.004     6.0909 0.0000e+00
     -0.705     -0.022    10.8343     87.524     11.907   7.405291     2.8678      7.086   260.3130 6.2361e+01     9.2543     -0.691     -1.002     6.0905 0.0000e+00
     -0.705     -0.005    10.8913     86.809     10.628   6.609889     2.2595      7.070   251.7047 6.0101e+01     7.5438     -0.692     -1.003     6.0923 0.0000e+00
     -0.705     -0.001    10.9323     85.739      9.710   6.039197     1.1810      7.055   242.0986 5.7209e+01     4.4533     -0.692     -1.004     6.0939 0.0000e+00
     -0.705     -0.001    10.9189     84.360      8.657   5.383793     0.5894      7.035   258.9418 5.4439e+01     2.7336     -0.692     -1.003     6.0944 0.0000e+00
     -0.705     -0.001    10.8882     82.695      8.277   5.147936     0.5411      7.009   279.9210 5.3099e+01     2.6350     -0.691     -1.002     6.0947 0.0000e+00
     -0.705     -0.001    10.7947     80.962      8.691   5.404966     0.5636      6.985   289.9503 5.2815e+01     2.9535     -0.692     -1.003     6.0947 0.0000e+00
     -0.706     -0.001    10.6574     79.401      8.560   5.323687     0.5871      6.968   299.0711 5.2397e+01     3.4086     -0.692     -1.003     6.0947 0.0000e+00
     -0.706     -0.001    10.4929     78.107      7.716   4.798802     0.5832      6.952   308.7198 5.2927e+01     3.6280     -0.693     -1.005     6.0947 0.0000e+00
     -0.706     -0.001    10.2709     77.103      6.738   4.190458     0.5756      6.935   319.7118 5.4739e+01     3.6937     -0.692     -1.004     6.0945 0.0000e+00
     -0.707     -0.000    10.0440     76.359      6.105   3.796829     0.4620      6.922   331.3953 5.6354e+01     3.4859     -0.693     -1.006     6.0945 0.0000e+00
     -0.707 -1.873e-08     9.8477     75.793      5.971   3.713951     0.2248      6.914   338.4763 5.7016e+01     2.9598     -0.694     -1.005     6.0944 0.0000e+00
     -0.706 -2.061e-07     9.6867     75.373      5.840   3.631857     0.0882      6.907   329.3552 5.9459e+01     2.6612     -0.692     -1.004     6.0944 0.0000e+00
     -0.706 -2.178e-07     9.5614     75.065      5.528   3.437755     0.0755      6.901   312.4873 7.0851e+01     2.6423     -0.692     -1.004     6.0944 0.0000e+00
     -0.706 -1.605e-07     9.4767     74.874      5.560   3.457662     0.0795      6.899   308.2412 9.2989e+01     2.6966     -0.692     -1.003     6.0945 0.0000e+00
     -0.706 -2.617e-07     9.4045     74.884      6.227   3.872545     0.1703      6.899   313.9799 1.1353e+02     3.2842     -0.693     -1.004     6.0945 0.0000e+00
     -0.706 -1.423e-07     9.3548     75.107      7.074   4.399538     0.3483      6.899   322.1621 1.2015e+02     4.4186     -0.692     -1.004     6.0946 0.0000e+00
     -0.706 -1.660e-08     9.3187     75.388      7.757   4.824628     0.4511      6.899   324.2300 1.1894e+02     5.1047     -0.693     -1.004     6.0945 0.0000e+00
     -0.706 -4.182e-08     9.2876     75.605      8.277   5.147648     0.4644      6.898   317.2145 1.2014e+02     5.0900     -0.692     -1.003     6.0946 0.0000e+00
     -0.706 -4.472e-07     9.2873     75.787      8.464   5.264068     0.3260      6.900   316.1500 1.2118e+02     4.0351     -0.693     -1.004     6.0947 0.0000e+00
     -0.706     -0.000     9.3238     75.916      8.085   5.028483     0.0512      6.903   322.9741 1.1795e+02     2.2221     -0.693     -1.005     6.0948 0.0000e+00
     -0.706     -0.000     9.3679     75.892      7.161   4.453311    -0.0868      6.907   330.0334 1.1148e+02     1.3090     -0.693     -1.004     6.0950 0.0000e+00
     -0.706     -0.001     9.3877     75.664      5.941   3.694853    -0.1024      6.911   339.7269 1.0307e+02     1.1930     -0.692     -1.004     6.0950 0.0000e+00
     -0.706     -0.002     9.4121     75.269      4.749   2.953539    -0.1378      6.915   350.9546 9.5307e+01     1.0935     -0.692     -1.004     6.0950 0.0000e+00
     -0.707     -0.002     9.4341     74.768      3.954   2.458722    -0.1728      6.916   356.9468 9.0250e+01     1.0278     -0.692     -1.004     6.0951 0.0000e+00
     -0.708     -0.002     9.4340     74.236      3.655   2.273182    -0.1764      6.917   359.6081 8.6384e+01     0.9792     -0.694     -1.007     6.0952 0.0000e+00
     -0.709     -0.002     9.4028     73.716      3.484   2.167200    -0.1564      6.918   362.9137 8.1829e+01     0.9836     -0.696     -1.009     6.0953 0.0000e+00
     -0.709     -0.002     9.3511     73.227      3.217   2.000817    -0.1564      6.919   366.0263 7.6030e+01     1.0124     -0.696     -1.009     6.0952 0.0000e+00
     -0.709     -0.002     9.2863     72.997      3.069   1.908469    -0.1674      6.919   367.4721 6.9864e+01     1.0204     -0.696     -1.010     6.0953 0.0000e+00
     -0.709 -9.990e-29     9.2149 -9.990e-29 -9.990e-29 -9.990e-29 -9.990e-29 -9.990e-29 -9.990e-29 6.6784e+01 -9.990e-29     -0.695     -1.009     6.0957 0.0000e+00
     -0.709 -9.990e-29     9.1569 -9.990e-29 -9.990e-29 -9.990e-29 -9.990e-29 -9.990e-29 -9.990e-29 6.7479e+01 -9.990e-29     -0.696     -1.008     6.0959 0.0000e+00
     -0.709 -9.990e-29     9.0829 -9.990e-29 -9.990e-29 -9.990e-29 -9.990e-29 -9.990e-29 -9.990e-29 6.7993e+01 -9.990e-29     -0.696     -1.009     6.0962 0.0000e+00
     -0.709 -9.990e-29     9.0357 -9.990e-29 -9.990e-29 -9.990e-29 -9.990e-29 -9.990e-29 -9.990e-29 6.7644e+01 -9.990e-29     -0.695     -1.008     6.0964 0.0000e+00
