Data/DataNotYetUploadedToEDI/Raw_CTD/RawDownloads/022724_fcr50_S7809005.cnv
* Sea-Bird SBE19plus  Data File:
* FileName = C:\R\Reservoirs\Data\DataNotYetUploadedToEDI\Raw_CTD\RawDownloads\022724_fcr50_S7809_0005.hex
* Software version 2.8.0.119
* Temperature SN = 7809
* Conductivity SN = 7809
* System UpLoad Time = Feb 28 2024 09:38:18
* <ApplicationData>
* <Seaterm232>
# nquan = 15
# nvalues = 1413                        
# units = specified
# name 0 = depFM: Depth [fresh water, m]
# name 1 = dz/dtM: Descent Rate [m/s]
# name 2 = sbeox0Mg/L: Oxygen, SBE 43 [mg/l]
# name 3 = sbeox0PS: Oxygen, SBE 43 [% saturation]
# name 4 = specc: Specific Conductance [uS/cm]
# name 5 = c0uS/cm: Conductivity [uS/cm]
# name 6 = flECO-AFL: Fluorescence, WET Labs ECO-AFL/FL [mg/m^3]
# name 7 = ph: pH
# name 8 = orp: Oxidation Reduction Potential [mV]
# name 9 = par/sat/log: PAR/Logarithmic, Satlantic
# name 10 = turbWETntu0: Turbidity, WET Labs ECO [NTU]
# name 11 = prdM: Pressure, Strain Gauge [db]
# name 12 = prdE: Pressure, Strain Gauge [psi]
# name 13 = tv290C: Temperature [ITS-90, deg C]
# name 14 = flag:  0.000e+00
# span 0 =     -0.719,      9.391       
# span 1 =     -0.233,      0.265       
# span 2 =     8.9818,    12.0352       
# span 3 =     72.997,    100.427       
# span 4 =      0.668,     71.426       
# span 5 =   0.452813,  46.691393       
# span 6 =    -0.1764,    13.9252       
# span 7 =      5.425,      7.338       
# span 8 =   160.4111,   367.4721       
# span 9 = 1.2364e-01, 1.7567e+02       
# span 10 =     0.8813,    27.2767      
# span 11 =     -0.705,      9.211      
# span 12 =     -1.023,     13.359      
# span 13 =     6.0659,     8.9046      
# span 14 = 0.0000e+00, 0.0000e+00      
# interval = seconds: 0.25
# start_time = Feb 27 2024 14:21:00 [Instrument's time stamp, header]
# bad_flag = -9.990e-29
*END*
[from data line 290]
      1.528      0.033    10.0296     84.258     43.220  27.780793    11.5542      6.912   295.4662 1.8181e+01     7.3430      1.500      2.176     7.1694 0.0000e+00
      1.533      0.035    10.0646     84.729     43.163  27.742370    11.5381      6.913   295.4593 1.8081e+01     7.3457      1.502      2.179     7.1241 0.0000e+00
      1.539      0.040    10.0990     85.218     43.110  27.705311    11.4556      6.914   295.4113 1.7867e+01     7.3103      1.506      2.185     7.1301 0.0000e+00
      1.551      0.045    10.1387     85.729     43.143  27.713278    11.3132      6.915   294.7990 1.7559e+01     7.2567      1.520      2.205     7.1468 0.0000e+00
      1.568      0.050    10.1870     86.234     43.170  27.711828    11.2407      6.916   293.9072 1.7228e+01     7.2438      1.538      2.229     7.1356 0.0000e+00
      1.584      0.054    10.2522     86.661     43.157  27.687766    11.2357      6.916   293.7483 1.6926e+01     7.2909      1.554      2.255     7.1329 0.0000e+00
      1.597      0.057    10.3047     86.985     43.159  27.676038    11.1953      6.916   293.9967 1.6712e+01     7.4160      1.568      2.274     7.1389 0.0000e+00
      1.608      0.058    10.3744     87.196     43.214  27.696865    11.1100      6.915   294.5006 1.6484e+01     7.6294      1.575      2.284     7.1192 0.0000e+00
      1.623      0.058    10.4472     87.261     43.219  27.685863    11.0699      6.915   295.2808 1.6209e+01     7.7878      1.591      2.308     7.0909 0.0000e+00
      1.639      0.058    10.5031     87.164     43.009  27.543003    11.0934      6.915   295.6007 1.5940e+01     7.8282      1.608      2.332     7.0750 0.0000e+00
      1.656      0.059    10.5458     86.938     42.847  27.428356    11.1864      6.915   294.4969 1.5601e+01     7.8441      1.623      2.353     7.0623 0.0000e+00
      1.674      0.063    10.5770     86.613     43.005  27.504776    11.3287      6.915   292.7767 1.5331e+01     7.8436      1.645      2.385     7.0455 0.0000e+00
      1.686      0.067    10.5932     86.235     43.043  27.515570    11.3987      6.915   292.5251 1.5219e+01     7.7880      1.656      2.402     7.0244 0.0000e+00
      1.696      0.070    10.5795     85.869     42.689  27.305143    11.4170      6.914   293.0037 1.5009e+01     7.7874      1.658      2.405     7.0167 0.0000e+00
      1.715      0.071    10.5521     85.531     42.472  27.180449    11.4414      6.914   293.1436 1.4567e+01     7.8354      1.677      2.433     7.0173 0.0000e+00
      1.743      0.075    10.5226     85.251     42.641  27.276443    11.4946      6.913   293.5272 1.4122e+01     7.8221      1.713      2.484     6.9731 0.0000e+00
      1.766      0.079    10.4804     85.111     42.635  27.260697    11.5861      6.910   293.5122 1.3884e+01     7.7636      1.737      2.520     6.9392 0.0000e+00
      1.780      0.079    10.4263     85.161     42.294  27.053477    11.6400      6.909   292.5326 1.3667e+01     7.7093      1.743      2.528     6.9815 0.0000e+00
      1.797      0.077    10.3757     85.381     42.186  26.990861    11.6550      6.909   291.8349 1.3302e+01     7.7116      1.757      2.550     7.0156 0.0000e+00
      1.822      0.073    10.3454     85.708     42.338  27.074450    11.6430      6.910   291.7877 1.2977e+01     7.6549      1.789      2.596     6.9813 0.0000e+00
      1.842      0.070    10.3353     86.119     42.311  27.049331    11.5860      6.911   291.8764 1.2793e+01     7.4338      1.810      2.624     6.9477 0.0000e+00
      1.857      0.067    10.3317     86.599     42.231  27.004262    11.5400      6.912   292.3046 1.2593e+01     7.2586      1.819      2.638     6.9864 0.0000e+00
      1.874      0.062    10.3583     87.110     42.279  27.036935    11.5364      6.913   293.0074 1.2357e+01     7.2782      1.838      2.664     7.0051 0.0000e+00
      1.891      0.055    10.4085     87.663     42.227  27.000409    11.5349      6.915   293.4908 1.2187e+01     7.3967      1.856      2.692     6.9646 0.0000e+00
      1.904      0.052    10.4606     88.194     42.140  26.943168    11.5125      6.916   293.5038 1.2036e+01     7.4971      1.866      2.707     6.9539 0.0000e+00
      1.915      0.052    10.5172     88.562     42.209  26.979088    11.4902      6.917   293.2498 1.1895e+01     7.5353      1.879      2.725     6.9765 0.0000e+00
      1.924      0.054    10.5766     88.784     42.244  26.990729    11.4812      6.918   293.1725 1.1808e+01     7.5511      1.888      2.739     6.9764 0.0000e+00
      1.933      0.056    10.6476     88.909     42.096  26.893644    11.5624      6.918   293.0861 1.1653e+01     7.5852      1.891      2.743     6.9630 0.0000e+00
      1.949      0.057    10.7230     88.872     41.987  26.820019    11.7232      6.916   292.8073 1.1355e+01     7.6069      1.907      2.766     6.9720 0.0000e+00
      1.972      0.057    10.7660     88.666     42.082  26.861636    11.8029      6.915   292.8993 1.1077e+01     7.5746      1.937      2.808     6.9607 0.0000e+00
      1.992      0.057    10.7934     88.360     42.158  26.889419    11.8016      6.915   294.0248 1.0950e+01     7.5360      1.958      2.839     6.9372 0.0000e+00
      2.002      0.055    10.8165     88.031     42.076  26.838789    11.8071      6.917   295.6622 1.0876e+01     7.7214      1.964      2.849     6.9411 0.0000e+00
      2.012      0.051    10.8076     87.723     42.028  26.820306    11.8277      6.918   296.3497 1.0745e+01     8.1075      1.971      2.858     6.9489 0.0000e+00
      2.024      0.050    10.7887     87.477     42.082  26.856222    11.8264      6.918   296.3141 1.0603e+01     8.2758      1.986      2.880     6.9178 0.0000e+00
      2.036      0.051    10.7587     87.322     42.037  26.829075    11.7993      6.917   295.9204 1.0487e+01     8.2186      1.996      2.897     6.8723 0.0000e+00
      2.046      0.053    10.7140     87.240     41.895  26.745772    11.7832      6.916   295.2030 1.0319e+01     8.2017      2.002      2.904     6.8873 0.0000e+00
      2.063      0.056    10.6670     87.199     41.880  26.736962    11.6900      6.916   295.8126 1.0088e+01     8.1409      2.021      2.931     6.9173 0.0000e+00
      2.083      0.061    10.6370     87.150     41.975  26.785980    11.5042      6.914   297.6129 9.9283e+00     7.9609      2.047      2.969     6.9072 0.0000e+00
      2.096      0.064    10.6219     87.072     41.962  26.767615    11.3937      6.909   298.5589 9.8559e+00     7.8014      2.058      2.985     6.9032 0.0000e+00
      2.106      0.063    10.6062     86.959     41.865  26.705180    11.3767      6.906   298.6460 9.7105e+00     7.7159      2.060      2.989     6.9228 0.0000e+00
      2.125      0.059    10.6040     86.826     41.913  26.728741    11.5157      6.905   298.4082 9.4516e+00     7.7128      2.081      3.018     6.9285 0.0000e+00
      2.150      0.055    10.6040     86.668     42.063  26.798789    11.7925      6.906   297.9200 9.2546e+00     7.7634      2.113      3.066     6.9039 0.0000e+00
      2.165      0.053    10.6008     86.498     42.105  26.791010    11.9271      6.907   297.7332 9.1904e+00     7.7809      2.126      3.084     6.8842 0.0000e+00
      2.171      0.052    10.5828     86.408     42.108  26.761501    11.9279      6.908   297.8708 9.1389e+00     7.7543      2.127      3.085     6.8964 0.0000e+00
      2.178      0.048    10.5658     86.412     42.143  26.759095    12.0103      6.909   297.9493 9.0364e+00     7.7157      2.133      3.095     6.8957 0.0000e+00
      2.191      0.044    10.5606     86.456     42.074  26.698470    12.1743      6.910   298.1662 8.8944e+00     7.7231      2.147      3.113     6.8578 0.0000e+00
      2.206      0.044    10.5419     86.461     42.040  26.662720    12.2706      6.913   298.7726 8.7412e+00     7.7756      2.163      3.137     6.8102 0.0000e+00
      2.220      0.049    10.5436     86.375     42.133  26.707360    12.2759      6.916   299.2578 8.6360e+00     7.7704      2.180      3.162     6.7726 0.0000e+00
      2.228      0.051    10.5540     86.247     42.062  26.667384    12.2554      6.918   299.3874 8.5686e+00     7.6936      2.187      3.171     6.7427 0.0000e+00
      2.237      0.050    10.5670     86.085     41.842  26.559923    12.2393      6.919   299.3069 8.4399e+00     7.6668      2.190      3.176     6.7230 0.0000e+00
      2.252      0.050    10.5761     85.872     41.775  26.549718    12.2394      6.920   298.7145 8.2570e+00     7.6862      2.209      3.202     6.7159 0.0000e+00
      2.271      0.050    10.5662     85.650     41.845  26.607455    12.2394      6.922   297.9894 8.1235e+00     7.6544      2.231      3.234     6.6833 0.0000e+00
      2.284      0.050    10.5543     85.511     41.767  26.560367    12.2313      6.922   297.8530 8.0570e+00     7.5905      2.242      3.252     6.6795 0.0000e+00
      2.293      0.049    10.5187     85.474     41.548  26.424343    12.2324      6.922   298.0115 7.9771e+00     7.5616      2.246      3.258     6.7409 0.0000e+00
      2.304      0.048    10.4800     85.487     41.558  26.421537    12.2539      6.924   298.4435 7.8551e+00     7.5787      2.257      3.273     6.7863 0.0000e+00
      2.319      0.048    10.4442     85.552     41.767  26.526434    12.2748      6.925   299.1180 7.7674e+00     7.5578      2.278      3.302     6.7958 0.0000e+00
      2.329      0.048    10.4270     85.634     41.730  26.487565    12.2681      6.925   299.3708 7.7116e+00     7.4797      2.285      3.313     6.7903 0.0000e+00
      2.339      0.047    10.4261     85.715     41.565  26.395530    12.2067      6.926   298.4019 7.5923e+00     7.5223      2.288      3.319     6.8029 0.0000e+00
      2.355      0.043    10.4228     85.846     41.603  26.428435    12.1231      6.927   296.6952 7.4281e+00     7.7661      2.310      3.350     6.8031 0.0000e+00
      2.371      0.040    10.4495     86.017     41.631  26.441462    12.0894      6.928   296.0294 7.3309e+00     7.9679      2.329      3.379     6.7455 0.0000e+00
      2.378      0.040    10.4703     86.218     41.511  26.362772    12.0822      6.930   296.2023 7.3092e+00     7.9814      2.333      3.384     6.7143 0.0000e+00
      2.383      0.041    10.4626     86.519     41.416  26.301492    12.0364      6.932   296.7216 7.2776e+00     7.8260      2.334      3.386     6.7575 0.0000e+00
      2.389      0.043    10.4771     86.888     41.485  26.334760    11.9764      6.933   297.6615 7.1743e+00     7.6262      2.340      3.394     6.7714 0.0000e+00
      2.400      0.047    10.5075     87.228     41.587  26.384469    11.9555      6.933   297.6724 7.0363e+00     7.5811      2.353      3.413     6.7483 0.0000e+00
      2.414      0.051    10.5230     87.523     41.510  26.331692    11.9588      6.932   296.5951 6.9080e+00     7.5880      2.367      3.434     6.7515 0.0000e+00
      2.432      0.053    10.5607     87.708     41.405  26.267442    11.9747      6.930   295.9066 6.7731e+00     7.5389      2.384      3.457     6.7573 0.0000e+00
      2.451      0.052    10.6183     87.742     41.473  26.305277    11.9976      6.930   295.9735 6.6741e+00     7.5002      2.407      3.489     6.7425 0.0000e+00
      2.465      0.049    10.6634     87.666     41.551  26.345194    12.0121      6.930   296.2847 6.6265e+00     7.5306      2.421      3.511     6.7125 0.0000e+00
      2.472      0.046    10.7046     87.442     41.396  26.242683    12.0252      6.929   296.5712 6.5652e+00     7.5980      2.424      3.516     6.7101 0.0000e+00
      2.481      0.047    10.7280     87.093     41.254  26.143999    11.9307      6.928   296.8576 6.4667e+00     7.5640      2.430      3.525     6.7263 0.0000e+00
      2.492      0.055    10.7271     86.736     41.439  26.230180    11.7184      6.928   297.4236 6.3847e+00     7.4613      2.445      3.547     6.7140 0.0000e+00
      2.502      0.070    10.7289     86.362     41.552  26.269913    11.5976      6.927   297.9948 6.3404e+00     7.4496      2.455      3.561     6.6955 0.0000e+00
      2.514      0.084    10.7034     85.987     41.412  26.180422    11.5933      6.925   298.0855 6.2080e+00     7.5243      2.458      3.564     6.6937 0.0000e+00
      2.541      0.092    10.6450     85.680     41.371  26.162912    11.6164      6.924   297.9176 5.9370e+00     7.5453      2.485      3.604     6.7026 0.0000e+00
      2.581      0.092    10.6220     85.492     41.418  26.185049    11.8186      6.924   297.5138 5.6706e+00     7.4296      2.534      3.675     6.6532 0.0000e+00
      2.616      0.087    10.5926     85.472     41.359  26.130960    12.1908      6.925   296.9893 5.5031e+00     7.3205      2.572      3.730     6.5825 0.0000e+00
      2.638      0.078    10.5353     85.602     41.317  26.079714    12.4046      6.927   296.9962 5.4317e+00     7.3191      2.591      3.758     6.6078 0.0000e+00
      2.648      0.068    10.4922     85.803     41.440  26.136212    12.4312      6.927   298.1136 5.4254e+00     7.3448      2.599      3.771     6.6302 0.0000e+00
      2.652      0.058    10.4689     85.983     41.493  26.179822    12.2874      6.927   299.4864 5.4157e+00     7.3919      2.600      3.771     6.6103 0.0000e+00
      2.660      0.050    10.4742     86.095     41.401  26.163052    11.9894      6.927   299.6561 5.3193e+00     7.4112      2.603      3.776     6.5929 0.0000e+00
      2.679      0.046    10.5004     86.130     41.393  26.187184    11.8157      6.929   299.3060 5.1610e+00     7.3732      2.624      3.807     6.5614 0.0000e+00
      2.700      0.045    10.5430     86.130     41.453  26.217945    11.8097      6.933   299.2104 5.0619e+00     7.3425      2.655      3.850     6.5173 0.0000e+00
      2.712      0.044    10.5639     86.169     41.491  26.217855    11.8517      6.934   298.8446 5.0369e+00     7.3131      2.663      3.863     6.5234 0.0000e+00
      2.716      0.039    10.5571     86.238     41.471  26.186066    11.8989      6.935   298.3247 5.0168e+00     7.2568      2.663      3.861     6.6057 0.0000e+00
      2.722      0.034    10.5480     86.301     41.435  26.150688    11.9221      6.937   299.0333 4.9765e+00     7.2081      2.669      3.870     6.6517 0.0000e+00
      2.731      0.033    10.5481     86.342     41.483  26.170625    11.9246      6.938   300.7872 4.9257e+00     7.2365      2.678      3.884     6.6275 0.0000e+00
      2.740      0.036    10.5650     86.333     41.487  26.173416    11.9616      6.939   301.6340 4.8722e+00     7.2933      2.689      3.900     6.5900 0.0000e+00
      2.747      0.039    10.5824     86.245     41.373  26.121011    12.0455      6.940   301.6144 4.7935e+00     7.3137      2.691      3.903     6.5655 0.0000e+00
      2.758      0.040    10.5917     86.059     41.328  26.107829    12.0898      6.941   301.2387 4.6834e+00     7.3128      2.701      3.917     6.5563 0.0000e+00
      2.774      0.042    10.6032     85.775     41.393  26.140898    12.0973      6.942   300.5331 4.6088e+00     7.3162      2.724      3.950     6.5394 0.0000e+00
      2.785      0.047    10.6065     85.462     41.413  26.140298    12.1200      6.943   300.2236 4.5891e+00     7.4236      2.734      3.966     6.5293 0.0000e+00
      2.790      0.052    10.5855     85.224     41.345  26.100563    12.1485      6.942   300.5944 4.5508e+00     7.5866      2.734      3.965     6.5671 0.0000e+00
      2.800      0.054    10.5552     85.139     41.239  26.040999    12.1590      6.942   301.4032 4.4545e+00     7.6123      2.742      3.976     6.6019 0.0000e+00
      2.819      0.055    10.5232     85.243     41.169  25.990917    12.1469      6.942   302.0875 4.3322e+00     7.5304      2.762      4.007     6.5767 0.0000e+00
      2.841      0.058    10.4872     85.499     41.214  26.002400    12.1437      6.943   302.3292 4.2468e+00     7.4844      2.790      4.048     6.5468 0.0000e+00
