Data/DataNotYetUploadedToEDI/Raw_CTD/RawDownloads/022724_fcr50_S7809005.cnv
* Sea-Bird SBE19plus  Data File:
* FileName = C:\R\Reservoirs\Data\DataNotYetUploadedToEDI\Raw_CTD\RawDownloads\022724_fcr50_S7809_0005.hex
* Software version 2.8.0.119
* Temperature SN = 7809
* Conductivity SN = 7809
* System UpLoad Time = Feb 28 2024 09:38:18
* <ApplicationData>
* <Seaterm232>
# nquan = 15
# nvalues = 1413                        
# units = specified
# name 0 = depFM: Depth [fresh water, m]
# name 1 = dz/dtM: Descent Rate [m/s]
# name 2 = sbeox0Mg/L: Oxygen, SBE 43 [mg/l]
# name 3 = sbeox0PS: Oxygen, SBE 43 [% saturation]
# name 4 = specc: Specific Conductance [uS/cm]
# name 5 = c0uS/cm: Conductivity [uS/cm]
# name 6 = flECO-AFL: Fluorescence, WET Labs ECO-AFL/FL [mg/m^3]
# name 7 = ph: pH
# name 8 = orp: Oxidation Reduction Potential [mV]
# name 9 = par/sat/log: PAR/Logarithmic, Satlantic
# name 10 = turbWETntu0: Turbidity, WET Labs ECO [NTU]
# name 11 = prdM: Pressure, Strain Gauge [db]
# name 12 = prdE: Pressure, Strain Gauge [psi]
# name 13 = tv290C: Temperature [ITS-90, deg C]
# name 14 = flag:  0.000e+00
# span 0 =     -0.719,      9.391       
# span 1 =     -0.233,      0.265       
# span 2 =     8.9818,    12.0352       
# span 3 =     72.997,    100.427       
# span 4 =      0.668,     71.426       
# span 5 =   0.452813,  46.691393       
# span 6 =    -0.1764,    13.9252       
# span 7 =      5.425,      7.338       
# span 8 =   160.4111,   367.4721       
# span 9 = 1.2364e-01, 1.7567e+02       
# span 10 =     0.8813,    27.2767      
# span 11 =     -0.705,      9.211      
# span 12 =     -1.023,     13.359      
# span 13 =     6.0659,     8.9046      
# span 14 = 0.0000e+00, 0.0000e+00      
# interval = seconds: 0.25
# start_time = Feb 27 2024 14:21:00 [Instrument's time stamp, header]
# bad_flag = -9.990e-29
*END*
[from data line 772]
      7.546      0.027    11.5498     93.566     38.155  23.708862    11.0486      7.077   313.8859 1.2387e-01     7.5164      7.401     10.734     6.0674 0.0000e+00
      7.553      0.016    11.5737     93.528     38.157  23.709911    11.2431      7.077   313.6789 1.2396e-01     7.3751      7.407     10.742     6.0672 0.0000e+00
      7.558      0.004    11.5998     93.397     38.157  23.710006    11.3536      7.078   313.5233 1.2392e-01     7.3259      7.413     10.752     6.0671 0.0000e+00
      7.561     -0.005    11.6203     93.230     38.156  23.710015    11.3691      7.078   313.4672 1.2382e-01     7.3316      7.418     10.759     6.0672 0.0000e+00
      7.557     -0.009    11.6313     93.086     38.154  23.710018    11.3129      7.078   313.6028 1.2380e-01     7.3418      7.414     10.753     6.0673 0.0000e+00
      7.545     -0.006    11.6254     92.997     38.154  23.710033    11.1986      7.077   313.8728 1.2380e-01     7.3469      7.402     10.735     6.0673 0.0000e+00
      7.533     -0.001    11.6064     92.946     38.154  23.710204    11.1359      7.074   313.8923 1.2383e-01     7.3248      7.384     10.709     6.0674 0.0000e+00
      7.532      0.007    11.5825     92.903     38.158  23.712085    11.1535      7.072   313.7517 1.2388e-01     7.3480      7.379     10.703     6.0684 0.0000e+00
      7.546      0.017    11.5619     92.861     38.192  23.732770    11.3450      7.073   313.8078 1.2386e-01     7.5248      7.400     10.732     6.0699 0.0000e+00
      7.561      0.030    11.5529     92.837     38.252  23.770066    11.6700      7.074   313.9688 1.2386e-01     7.7892      7.421     10.762     6.0703 0.0000e+00
      7.566      0.042    11.5478     92.820     38.272  23.782541    11.8376      7.073   313.9778 1.2384e-01     7.9140      7.422     10.764     6.0700 0.0000e+00
      7.570      0.048    11.5433     92.751     38.230  23.756765    11.8483      7.073   313.8299 1.2375e-01     7.9405      7.418     10.759     6.0695 0.0000e+00
      7.582      0.049    11.5368     92.646     38.158  23.712075    11.7986      7.073   313.7298 1.2372e-01     8.0074      7.432     10.779     6.0693 0.0000e+00
      7.602      0.049    11.5327     92.586     38.116  23.686096    11.6861      7.074   313.6272 1.2377e-01     8.0743      7.456     10.814     6.0696 0.0000e+00
      7.621      0.051    11.5363     92.593     38.132  23.696321    11.6041      7.074   313.6217 1.2379e-01     8.0657      7.476     10.843     6.0693 0.0000e+00
      7.634      0.052    11.5262     92.631     38.152  23.708876    11.5900      7.074   313.8357 1.2382e-01     8.0403      7.488     10.860     6.0692 0.0000e+00
      7.642      0.052    11.5077     92.706     38.155  23.711062    11.5985      7.075   313.9780 1.2383e-01     8.0749      7.493     10.869     6.0699 0.0000e+00
      7.650      0.050    11.4991     92.798     38.172  23.722756    11.6732      7.077   313.8796 1.2379e-01     8.1082      7.499     10.876     6.0702 0.0000e+00
      7.664      0.048    11.5045     92.873     38.172  23.723432    11.8188      7.078   313.5921 1.2382e-01     8.1008      7.514     10.898     6.0700 0.0000e+00
      7.680      0.048    11.5067     92.974     38.166  23.719240    11.8945      7.077   313.4276 1.2387e-01     8.0199      7.533     10.926     6.0701 0.0000e+00
      7.695      0.048    11.5157     93.102     38.192  23.735487    11.8985      7.077   313.5256 1.2386e-01     7.9498      7.547     10.946     6.0708 0.0000e+00
      7.706      0.047    11.5327     93.224     38.182  23.729627    11.8252      7.078   313.5725 1.2381e-01     8.0047      7.558     10.962     6.0720 0.0000e+00
      7.715      0.045    11.5348     93.339     38.153  23.711799    11.6578      7.078   313.6498 1.2375e-01     8.0352      7.567     10.975     6.0727 0.0000e+00
      7.725      0.044    11.5494     93.453     38.150  23.710178    11.5557      7.079   313.8586 1.2380e-01     7.9769      7.575     10.987     6.0725 0.0000e+00
      7.737      0.045    11.5679     93.573     38.149  23.710031    11.5477      7.080   313.9459 1.2390e-01     7.9823      7.586     11.003     6.0724 0.0000e+00
      7.749      0.046    11.5815     93.701     38.149  23.710017    11.5518      7.081   313.9306 1.2391e-01     7.9986      7.599     11.022     6.0729 0.0000e+00
      7.760      0.044    11.5962     93.829     38.149  23.710015    11.5563      7.082   313.8452 1.2385e-01     7.9008      7.609     11.036     6.0732 0.0000e+00
      7.775      0.039    11.6095     93.911     38.149  23.710007    11.5521      7.082   313.6883 1.2380e-01     7.7904      7.624     11.058     6.0733 0.0000e+00
      7.789      0.033    11.6247     93.923     38.149  23.709918    11.5343      7.083   313.5821 1.2381e-01     7.7568      7.642     11.084     6.0738 0.0000e+00
      7.797      0.027    11.6398     93.919     38.147  23.708941    11.5074      7.083   313.5937 1.2386e-01     7.7329      7.649     11.093     6.0741 0.0000e+00
      7.798      0.024    11.6580     93.932     38.130  23.698181    11.4674      7.084   313.6562 1.2391e-01     7.6380      7.647     11.090     6.0744 0.0000e+00
      7.799      0.024    11.6715     93.925     38.144  23.706652    11.4337      7.085   313.7356 1.2394e-01     7.5315      7.648     11.092     6.0745 0.0000e+00
      7.802      0.026    11.6678     93.893     38.210  23.747951    11.4168      7.085   313.8651 1.2384e-01     7.4707      7.651     11.096     6.0742 0.0000e+00
      7.808      0.031    11.6657     93.925     38.218  23.753621    11.4038      7.085   314.0177 1.2373e-01     7.4152      7.655     11.102     6.0740 0.0000e+00
      7.820      0.036    11.6706     93.998     38.151  23.711789    11.3931      7.086   314.1186 1.2375e-01     7.3732      7.667     11.119     6.0737 0.0000e+00
      7.835      0.041    11.6714     93.943     38.109  23.686060    11.3788      7.086   314.1380 1.2379e-01     7.3384      7.685     11.146     6.0736 0.0000e+00
      7.848      0.045    11.6615     93.847     38.125  23.696196    11.3647      7.086   314.0809 1.2381e-01     7.2673      7.699     11.165     6.0738 0.0000e+00
      7.856      0.047    11.6605     93.803     38.142  23.707513    11.3647      7.086   313.9445 1.2383e-01     7.2315      7.703     11.173     6.0745 0.0000e+00
      7.866      0.047    11.6904     93.716     38.123  23.696067    11.3868      7.086   313.9510 1.2380e-01     7.3500      7.712     11.185     6.0752 0.0000e+00
      7.878      0.048    11.6714     93.607     38.105  23.684640    11.4237      7.087   314.2458 1.2374e-01     7.5380      7.726     11.206     6.0754 0.0000e+00
      7.892      0.049    11.6498     93.515     38.123  23.696180    11.4360      7.087   314.4979 1.2372e-01     7.5916      7.740     11.226     6.0760 0.0000e+00
      7.905      0.051    11.6604     93.455     38.143  23.708759    11.4277      7.088   314.4169 1.2375e-01     7.5198      7.752     11.244     6.0767 0.0000e+00
      7.918      0.052    11.6402     93.455     38.145  23.709903    11.4985      7.088   314.2993 1.2382e-01     7.5578      7.765     11.262     6.0770 0.0000e+00
      7.932      0.052    11.6275     93.512     38.144  23.710017    11.6429      7.088   314.3664 1.2387e-01     7.7777      7.779     11.282     6.0771 0.0000e+00
      7.945      0.049    11.6159     93.638     38.144  23.710129    11.7169      7.089   314.4534 1.2386e-01     7.8905      7.792     11.301     6.0773 0.0000e+00
      7.957      0.042    11.6048     93.770     38.147  23.711264    11.7019      7.090   314.4917 1.2381e-01     7.7936      7.803     11.317     6.0775 0.0000e+00
      7.971      0.031    11.6081     93.851     38.167  23.723739    11.5624      7.090   314.3990 1.2376e-01     7.6660      7.817     11.338     6.0776 0.0000e+00
      7.983      0.016    11.6109     93.924     38.184  23.734125    11.3277      7.090   314.2785 1.2373e-01     7.5775      7.834     11.362     6.0778 0.0000e+00
      7.987      0.000    11.6307     93.972     38.145  23.710017    11.2113      7.091   314.2404 1.2376e-01     7.5426      7.836     11.365     6.0779 0.0000e+00
      7.982     -0.012    11.6534     93.962     38.106  23.685909    11.1872      7.091   314.1965 1.2377e-01     7.5173      7.828     11.354     6.0775 0.0000e+00
      7.972     -0.016    11.6559     93.923     38.123  23.696295    10.9942      7.090   314.2638 1.2375e-01     7.4773      7.820     11.342     6.0773 0.0000e+00
      7.957     -0.011    11.6684     93.882     38.143  23.708769    10.6513      7.089   314.4511 1.2378e-01     7.4692      7.803     11.318     6.0774 0.0000e+00
      7.944      0.003    11.6774     93.856     38.145  23.709902    10.4619      7.087   314.5685 1.2381e-01     7.4524      7.783     11.289     6.0776 0.0000e+00
      7.946      0.019    11.6723     93.897     38.145  23.709996    10.4683      7.086   314.6514 1.2377e-01     7.3767      7.786     11.292     6.0773 0.0000e+00
      7.963      0.035    11.6675     94.003     38.145  23.709902    10.7623      7.086   314.7653 1.2375e-01     7.3053      7.808     11.325     6.0771 0.0000e+00
      7.984      0.050    11.6617     94.053     38.144  23.708759    11.2953      7.086   314.8264 1.2379e-01     7.3068      7.831     11.358     6.0771 0.0000e+00
      8.002      0.059    11.6568     94.058     38.124  23.696181    11.5937      7.085   314.8746 1.2380e-01     7.3607      7.850     11.385     6.0774 0.0000e+00
      8.015      0.061    11.6562     94.076     38.105  23.684651    11.6242      7.085   314.9176 1.2378e-01     7.3422      7.861     11.401     6.0773 0.0000e+00
      8.027      0.060    11.6843     94.073     38.124  23.696181    11.6133      7.085   314.8302 1.2377e-01     7.2542      7.870     11.414     6.0769 0.0000e+00
      8.043      0.059    11.6855     94.025     38.144  23.708759    11.6370      7.085   314.6786 1.2381e-01     7.3557      7.886     11.439     6.0766 0.0000e+00
      8.060      0.059    11.6804     93.890     38.147  23.709902    11.7028      7.085   314.8907 1.2386e-01     7.6472      7.905     11.465     6.0765 0.0000e+00
      8.075      0.058    11.6907     93.745     38.147  23.710006    11.7430      7.085   315.4154 1.2383e-01     7.8061      7.918     11.483     6.0764 0.0000e+00
      8.090      0.055    11.6841     93.667     38.146  23.710015    11.7397      7.085   315.6030 1.2381e-01     7.7743      7.931     11.503     6.0763 0.0000e+00
      8.106      0.051    11.6884     93.617     38.146  23.710007    11.6805      7.086   315.5243 1.2381e-01     7.6044      7.950     11.532     6.0763 0.0000e+00
      8.119      0.048    11.6627     93.592     38.146  23.709903    11.5927      7.086   315.5817 1.2377e-01     7.3909      7.964     11.551     6.0761 0.0000e+00
      8.127      0.043    11.6400     93.619     38.144  23.708759    11.5524      7.086   315.5225 1.2377e-01     7.3459      7.968     11.559     6.0760 0.0000e+00
      8.136      0.038    11.6362     93.675     38.124  23.696181    11.5419      7.085   315.3246 1.2385e-01     7.3664      7.977     11.569     6.0761 0.0000e+00
      8.148      0.035    11.6284     93.741     38.105  23.684651    11.5075      7.085   315.3410 1.2388e-01     7.4004      7.991     11.590     6.0762 0.0000e+00
      8.158      0.035    11.6227     93.802     38.124  23.696181    11.4532      7.085   315.5488 1.2380e-01     7.5171      8.003     11.608     6.0764 0.0000e+00
      8.163      0.040    11.6288     93.818     38.144  23.708759    11.4267      7.086   315.8582 1.2375e-01     7.5824      8.007     11.613     6.0765 0.0000e+00
      8.167      0.045    11.6368     93.811     38.146  23.709901    11.4452      7.086   316.0697 1.2375e-01     7.5750      8.006     11.612     6.0765 0.0000e+00
      8.177      0.048    11.6431     93.821     38.146  23.709996    11.4851      7.085   316.0409 1.2379e-01     7.5310      8.014     11.623     6.0765 0.0000e+00
      8.195      0.050    11.6567     93.862     38.146  23.709902    11.5266      7.085   316.0262 1.2380e-01     7.5277      8.036     11.655     6.0767 0.0000e+00
      8.217      0.052    11.6545     93.941     38.143  23.708759    11.5555      7.087   316.1507 1.2380e-01     7.6035      8.061     11.691     6.0766 0.0000e+00
      8.233      0.053    11.6525     94.064     38.123  23.696181    11.5597      7.089   316.2547 1.2384e-01     7.5938      8.077     11.715     6.0765 0.0000e+00
      8.242      0.053    11.6531     94.214     38.104  23.684652    11.5447      7.089   315.9933 1.2384e-01     7.5811      8.083     11.724     6.0766 0.0000e+00
      8.248      0.050    11.6583     94.372     38.123  23.696196    11.5397      7.088   315.4851 1.2385e-01     7.6892      8.086     11.727     6.0768 0.0000e+00
      8.260      0.049    11.6671     94.517     38.143  23.708930    11.5497      7.088   315.2729 1.2390e-01     7.7737      8.098     11.746     6.0771 0.0000e+00
      8.278      0.049    11.6835     94.596     38.148  23.711789    11.5574      7.089   315.2349 1.2388e-01     7.8168      8.118     11.775     6.0772 0.0000e+00
      8.293      0.052    11.7035     94.591     38.178  23.730760    11.5579      7.090   315.4556 1.2383e-01     7.8347      8.134     11.798     6.0771 0.0000e+00
      8.305      0.053    11.7224     94.518     38.205  23.748055    11.6134      7.090   315.9623 1.2379e-01     7.8536      8.144     11.813     6.0771 0.0000e+00
      8.316      0.051    11.7449     94.421     38.176  23.730655    11.7371      7.090   316.1133 1.2380e-01     7.9427      8.153     11.826     6.0770 0.0000e+00
      8.329      0.048    11.7546     94.357     38.143  23.710635    11.8139      7.091   315.5602 1.2385e-01     8.0246      8.167     11.845     6.0771 0.0000e+00
      8.344      0.047    11.7531     94.343     38.120  23.696239    11.8269      7.091   314.6088 1.2385e-01     8.0578      8.184     11.870     6.0775 0.0000e+00
      8.357      0.047    11.7425     94.375     38.100  23.683410    11.8354      7.091   314.0750 1.2382e-01     8.0365      8.197     11.889     6.0785 0.0000e+00
      8.367      0.045    11.7257     94.442     38.099  23.682348    11.8502      7.092   314.0955 1.2382e-01     7.9716      8.206     11.901     6.0797 0.0000e+00
      8.376      0.042    11.7182     94.518     38.102  23.683394    11.8717      7.092   314.3413 1.2384e-01     7.9911      8.212     11.910     6.0802 0.0000e+00
      8.387      0.039    11.7167     94.584     38.123  23.696068    11.8800      7.093   314.6377 1.2384e-01     8.0663      8.224     11.928     6.0797 0.0000e+00
      8.399      0.038    11.7207     94.619     38.143  23.708750    11.8167      7.095   314.7537 1.2383e-01     8.0616      8.238     11.948     6.0790 0.0000e+00
      8.409      0.038    11.7314     94.603     38.146  23.709901    11.7062      7.096   314.7113 1.2386e-01     8.0362      8.248     11.962     6.0781 0.0000e+00
      8.415      0.038    11.7410     94.541     38.146  23.709996    11.6510      7.096   314.7282 1.2386e-01     8.0326      8.252     11.968     6.0777 0.0000e+00
      8.423      0.038    11.7510     94.472     38.146  23.709892    11.6482      7.096   314.6135 1.2386e-01     8.0184      8.259     11.978     6.0773 0.0000e+00
      8.434      0.038    11.7558     94.406     38.144  23.708647    11.6230      7.096   314.1843 1.2393e-01     8.0015      8.272     11.997     6.0770 0.0000e+00
      8.446      0.038    11.7546     94.330     38.123  23.694935    11.5629      7.097   313.9271 1.2389e-01     7.9650      8.283     12.014     6.0768 0.0000e+00
      8.456      0.038    11.7436     94.247     38.085  23.670932    11.5286      7.098   313.9135 1.2380e-01     7.9522      8.292     12.028     6.0767 0.0000e+00
