Data/DataNotYetUploadedToEDI/Raw_CTD/RawDownloads/022724_fcr50_S7809005.cnv
* Sea-Bird SBE19plus  Data File:
* FileName = C:\R\Reservoirs\Data\DataNotYetUploadedToEDI\Raw_CTD\RawDownloads\022724_fcr50_S7809_0005.hex
* Software version 2.8.0.119
* Temperature SN = 7809
* Conductivity SN = 7809
* System UpLoad Time = Feb 28 2024 09:38:18
* <ApplicationData>
* <Seaterm232>
# nquan = 15
# nvalues = 1413                        
# units = specified
# name 0 = depFM: Depth [fresh water, m]
# name 1 = dz/dtM: Descent Rate [m/s]
# name 2 = sbeox0Mg/L: Oxygen, SBE 43 [mg/l]
# name 3 = sbeox0PS: Oxygen, SBE 43 [% saturation]
# name 4 = specc: Specific Conductance [uS/cm]
# name 5 = c0uS/cm: Conductivity [uS/cm]
# name 6 = flECO-AFL: Fluorescence, WET Labs ECO-AFL/FL [mg/m^3]
# name 7 = ph: pH
# name 8 = orp: Oxidation Reduction Potential [mV]
# name 9 = par/sat/log: PAR/Logarithmic, Satlantic
# name 10 = turbWETntu0: Turbidity, WET Labs ECO [NTU]
# name 11 = prdM: Pressure, Strain Gauge [db]
# name 12 = prdE: Pressure, Strain Gauge [psi]
# name 13 = tv290C: Temperature [ITS-90, deg C]
# name 14 = flag:  0.000e+00
# span 0 =     -0.719,      9.391       
# span 1 =     -0.233,      0.265       
# span 2 =     8.9818,    12.0352       
# span 3 =     72.997,    100.427       
# span 4 =      0.668,     71.426       
# span 5 =   0.452813,  46.691393       
# span 6 =    -0.1764,    13.9252       
# span 7 =      5.425,      7.338       
# span 8 =   160.4111,   367.4721       
# span 9 = 1.2364e-01, 1.7567e+02       
# span 10 =     0.8813,    27.2767      
# span 11 =     -0.705,      9.211      
# span 12 =     -1.023,     13.359      
# span 13 =     6.0659,     8.9046      
# span 14 = 0.0000e+00, 0.0000e+00      
# interval = seconds: 0.25
# start_time = Feb 27 2024 14:21:00 [Instrument's time stamp, header]
# bad_flag = -9.990e-29
*END*
[from data line 97]
     -0.134      0.000    11.6821     97.561     67.266  43.788207     8.4040      7.152   266.8670 1.2353e+02     6.9029     -0.131     -0.190     7.5321 0.0000e+00
     -0.134      0.000    11.6804     97.562     67.441  43.906596     8.4096      7.149   266.6729 1.2537e+02     6.8864     -0.131     -0.190     7.5356 0.0000e+00
     -0.134     -0.001    11.6807     97.571     67.508  43.954618     8.4144      7.148   267.1620 1.2629e+02     6.8231     -0.131     -0.190     7.5392 0.0000e+00
     -0.134     -0.002    11.6838     97.560     67.260  43.797537     8.4287      7.148   267.7906 1.2576e+02     6.7871     -0.131     -0.190     7.5428 0.0000e+00
     -0.134     -0.002    11.6810     97.532     67.136  43.721249     8.4488      7.147   268.0782 1.2477e+02     6.7930     -0.131     -0.190     7.5465 0.0000e+00
     -0.135     -0.003    11.6794     97.516     67.339  43.857444     8.4580      7.145   267.9724 1.2528e+02     6.7913     -0.132     -0.191     7.5501 0.0000e+00
     -0.136     -0.003    11.6821     97.506     67.528  43.984278     8.4575      7.144   267.8881 1.2661e+02     6.7330     -0.134     -0.194     7.5535 0.0000e+00
     -0.138     -0.003    11.6797     97.497     67.524  43.985235     8.4344      7.143   268.0053 1.2691e+02     6.6008     -0.135     -0.196     7.5565 0.0000e+00
     -0.138     -0.002    11.6724     97.491     67.339  43.869025     8.4114      7.140   268.2713 1.2718e+02     6.5592     -0.135     -0.196     7.5596 0.0000e+00
     -0.138     -0.001    11.6716     97.468     67.106  43.721793     8.4043      7.137   268.6947 1.2738e+02     6.6057     -0.135     -0.196     7.5626 0.0000e+00
     -0.138     -0.000    11.6694     97.438     67.011  43.665059     8.4149      7.135   269.0810 1.2703e+02     6.6838     -0.135     -0.196     7.5656 0.0000e+00
     -0.138 3.9692e-07    11.6665     97.435     67.045  43.690889     8.4484      7.133   269.1551 1.2634e+02     6.7868     -0.135     -0.196     7.5686 0.0000e+00
     -0.138      0.000    11.6671     97.451     66.981  43.653242     8.4676      7.131   269.3332 1.2585e+02     6.7919     -0.136     -0.197     7.5717 0.0000e+00
     -0.138      0.000    11.6628     97.450     66.782  43.527265     8.4558      7.128   269.6002 1.2579e+02     6.7801     -0.135     -0.196     7.5752 0.0000e+00
     -0.138      0.001    11.6557     97.450     66.638  43.437249     8.4386      7.126   269.9736 1.2594e+02     6.8491     -0.135     -0.196     7.5787 0.0000e+00
     -0.137      0.001    11.6543     97.466     66.561  43.390070     8.4261      7.125   270.6652 1.2523e+02     6.9095     -0.135     -0.195     7.5818 0.0000e+00
     -0.137      0.002    11.6593     97.478     66.476  43.337695     8.4133      7.124   271.1656 1.2421e+02     6.8606     -0.134     -0.195     7.5845 0.0000e+00
     -0.137      0.004    11.6564     97.491     66.821  43.565699     8.4003      7.121   271.2913 1.2479e+02     6.7702     -0.135     -0.196     7.5873 0.0000e+00
     -0.136      0.006    11.6535     97.500     67.662  44.115547     8.3936      7.118   271.1522 1.2543e+02     6.7387     -0.134     -0.194     7.5902 0.0000e+00
     -0.135      0.007    11.6583     97.497     67.999  44.336322     8.4489      7.116   271.6345 1.2503e+02     6.7525     -0.133     -0.193     7.5929 0.0000e+00
     -0.133      0.008    11.6566     97.508     67.599  44.076832     8.5615      7.115   272.8212 1.2454e+02     6.8007     -0.131     -0.190     7.5952 0.0000e+00
     -0.129      0.008    11.6583     97.528     67.224  43.834635     8.6314      7.114   273.4551 1.2453e+02     6.8100     -0.126     -0.182     7.5972 0.0000e+00
     -0.126      0.007    11.6612     97.552     67.198  43.820120     8.6357      7.112   273.3618 1.2498e+02     6.7622     -0.123     -0.178     7.5985 0.0000e+00
     -0.125      0.005    11.6562     97.567     67.320  43.901340     8.6140      7.111   272.9835 1.2506e+02     6.8370     -0.122     -0.177     7.5986 0.0000e+00
     -0.125      0.003    11.6606     97.566     67.356  43.927972     8.5930      7.110   273.0971 1.2480e+02     6.9977     -0.123     -0.177     7.5995 0.0000e+00
     -0.125      0.001    11.6609     97.577     67.290  43.888208     8.5823      7.109   273.9616 1.2416e+02     7.0655     -0.122     -0.178     7.6017 0.0000e+00
     -0.124      0.000    11.6640     97.595     67.151  43.801431     8.5851      7.108   274.6593 1.2306e+02     7.0762     -0.121     -0.176     7.6033 0.0000e+00
     -0.124      0.000    11.6676     97.611     67.092  43.767461     8.6017      7.107   274.9079 1.2293e+02     6.9894     -0.122     -0.177     7.6045 0.0000e+00
     -0.124      0.001    11.6625     97.611     67.227  43.858346     8.6168      7.106   274.9890 1.2384e+02     6.8708     -0.122     -0.177     7.6065 0.0000e+00
     -0.124      0.001    11.6660     97.606     67.263  43.884667     8.6180      7.105   274.6930 1.2407e+02     6.8379     -0.122     -0.177     7.6094 0.0000e+00
     -0.124      0.001    11.6656     97.616     66.983  43.704852     8.6240      7.102   274.5126 1.2342e+02     6.7965     -0.122     -0.177     7.6126 0.0000e+00
     -0.123      0.001    11.6689     97.637     66.508  43.398105     8.6638      7.101   275.0455 1.2353e+02     6.7454     -0.121     -0.175     7.6154 0.0000e+00
     -0.123      0.002    11.6670     97.649     66.334  43.286181     8.7158      7.101   275.7149 1.2394e+02     6.7326     -0.119     -0.173     7.6177 0.0000e+00
     -0.123      0.003    11.6643     97.629     66.555  43.430686     8.7369      7.100   276.2397 1.2322e+02     6.7784     -0.120     -0.174     7.6195 0.0000e+00
     -0.123      0.003    11.6664     97.603     66.461  43.367963     8.7362      7.098   275.9703 1.2264e+02     6.8212     -0.121     -0.175     7.6220 0.0000e+00
     -0.122      0.003    11.6671     97.588     65.954  43.035618     8.7819      7.095   274.9533 1.2323e+02     6.8737     -0.120     -0.174     7.6249 0.0000e+00
     -0.120      0.003    11.6720     97.572     65.465  42.713073     8.8822      7.092   274.6970 1.2410e+02     6.9698     -0.117     -0.171     7.6267 0.0000e+00
     -0.118      0.003    11.6661     97.558     65.072  42.451416     8.9342      7.089   275.3668 1.2459e+02     6.9928     -0.115     -0.167     7.6261 0.0000e+00
     -0.117      0.003    11.6631     97.540     64.728  42.220476     8.9197      7.088   276.2552 1.2422e+02     6.9802     -0.115     -0.167     7.6246 0.0000e+00
     -0.117      0.002    11.6628     97.525     64.326  41.951933     8.9147      7.087   275.7161 1.2341e+02     6.9884     -0.115     -0.167     7.6243 0.0000e+00
     -0.117      0.002    11.6604     97.538     63.919  41.679892     9.0148      7.087   273.8387 1.2404e+02     6.9557     -0.115     -0.167     7.6220 0.0000e+00
     -0.117      0.002    11.6609     97.563     63.904  41.660512     9.1980      7.086   273.0867 1.2462e+02     6.8586     -0.115     -0.167     7.6173 0.0000e+00
     -0.117      0.003    11.6605     97.575     64.200  41.844537     9.2819      7.082   273.6782 1.2327e+02     6.7697     -0.114     -0.165     7.6125 0.0000e+00
     -0.117      0.004    11.6574     97.588     64.255  41.873841     9.2638      7.077   274.6244 1.2302e+02     6.7687     -0.115     -0.166     7.6076 0.0000e+00
     -0.115      0.004    11.6618     97.600     64.186  41.824421     9.2123      7.074   274.8902 1.2388e+02     6.9497     -0.113     -0.164     7.6025 0.0000e+00
     -0.112      0.004    11.6697     97.608     64.281  41.881709     9.1336      7.072   274.3113 1.2413e+02     7.2497     -0.110     -0.159     7.5951 0.0000e+00
     -0.110      0.004    11.6707     97.603     64.364  41.931780     9.0856      7.070   273.9915 1.2445e+02     7.3904     -0.108     -0.157     7.5858 0.0000e+00
     -0.110      0.003    11.6754     97.598     64.352  41.922047     9.0641      7.067   274.1205 1.2446e+02     7.3527     -0.108     -0.157     7.5813 0.0000e+00
     -0.110      0.002    11.6764     97.607     64.304  41.890980     9.0996      7.064   274.3226 1.2450e+02     7.2726     -0.108     -0.157     7.5792 0.0000e+00
     -0.110      0.002    11.6799     97.607     64.179  41.810037     9.2062      7.062   275.0591 1.2463e+02     7.1730     -0.108     -0.156     7.5746 0.0000e+00
     -0.110      0.002    11.6797     97.588     64.310  41.895438     9.2799      7.061   276.0558 1.2386e+02     7.1047     -0.108     -0.156     7.5712 0.0000e+00
     -0.110      0.003    11.6772     97.564     64.918  42.288813     9.2910      7.060   276.2216 1.2394e+02     7.0961     -0.108     -0.156     7.5706 0.0000e+00
     -0.110      0.005    11.6812     97.559     65.258  42.504054     9.2415      7.058   275.6865 1.2434e+02     7.1366     -0.108     -0.156     7.5711 0.0000e+00
     -0.109      0.007    11.6803     97.573     64.723  42.149420     9.1552      7.056   274.7484 1.2261e+02     7.2534     -0.107     -0.156     7.5712 0.0000e+00
     -0.105      0.011    11.6778     97.558     64.604  42.063146     9.1051      7.050   274.9461 1.2121e+02     7.3463     -0.103     -0.151     7.5721 0.0000e+00
     -0.101      0.017    11.6745     97.531     66.052  42.984111     9.0844      7.035   276.5279 1.2063e+02     7.3380     -0.098     -0.142     7.5700 0.0000e+00
     -0.100      0.023    11.6736     97.553     66.992  43.573147     8.9629      7.013   277.0106 1.2049e+02     7.2909     -0.097     -0.141     7.5639 0.0000e+00
     -0.096      0.027    11.6822     97.632     65.869  42.837734     8.7270      6.995   276.5666 1.1883e+02     7.2543     -0.098     -0.142     7.5589 0.0000e+00
     -0.085      0.031    11.6792     97.722     64.615  42.026610     8.5875      6.983   275.8913 1.1456e+02     7.3053     -0.085     -0.123     7.5578 0.0000e+00
     -0.071      0.037    11.6764     97.783     65.595  42.652323     8.5752      6.972   275.8139 1.1189e+02     7.3608     -0.065     -0.095     7.5398 0.0000e+00
     -0.062      0.042    11.6883     97.868     67.595  43.928598     8.5781      6.962   277.3522 1.1075e+02     7.3108     -0.058     -0.085     7.5109 0.0000e+00
     -0.057      0.043    11.6984     97.997     67.816  44.064561     8.6646      6.958   278.5727 1.0885e+02     7.2128     -0.060     -0.086     7.5115 0.0000e+00
     -0.045      0.041    11.7106     98.133     66.309  43.090392     8.8381      6.958   278.2686 1.0640e+02     7.0983     -0.048     -0.070     7.5265 0.0000e+00
     -0.026      0.041    11.7140     98.263     65.307  42.433128     8.9281      6.960   277.4606 1.0507e+02     7.0534     -0.022     -0.032     7.5177 0.0000e+00
     -0.014      0.044    11.7331     98.380     66.360  43.099819     8.9199      6.959   277.1494 1.0455e+02     7.0806     -0.009     -0.013     7.4849 0.0000e+00
     -0.010      0.045    11.7534     98.492     67.616  43.915115     8.8889      6.957   277.4314 1.0374e+02     7.0509     -0.011     -0.015     7.4811 0.0000e+00
     -0.004      0.042    11.7636     98.626     67.080  43.594689     8.8530      6.957   277.8579 1.0146e+02     6.9337     -0.009     -0.013     7.4968 0.0000e+00
      0.011      0.039    11.7832     98.784     65.006  42.272545     8.8270      6.958   278.1768 9.8318e+01     6.7910      0.009      0.014     7.4895 0.0000e+00
      0.029      0.042    11.8025     98.930     62.865  40.877750     8.7995      6.960   278.5342 9.6786e+01     6.7250      0.033      0.048     7.4682 0.0000e+00
      0.039      0.051    11.8170     99.050     63.408  41.201740     8.7702      6.960   277.8769 9.6511e+01     6.8203      0.041      0.059     7.4597 0.0000e+00
      0.042      0.059    11.8218     99.166     65.655  42.635378     8.7551      6.956   276.2515 9.6010e+01     7.0212      0.041      0.060     7.4948 0.0000e+00
      0.050      0.061    11.8359     99.311     65.871  42.788178     8.7586      6.952   275.6599 9.3561e+01     7.1037      0.042      0.061     7.5231 0.0000e+00
      0.074      0.061    11.8550     99.467     64.354  41.843548     8.7631      6.951   276.3164 8.9169e+01     7.0317      0.067      0.096     7.5181 0.0000e+00
      0.106      0.062    11.8770     99.617     63.776  41.496615     8.7761      6.950   277.3924 8.5956e+01     6.9704      0.110      0.159     7.4903 0.0000e+00
      0.126      0.061    11.8990     99.779     64.675  42.084405     8.7993      6.944   276.8824 8.5028e+01     6.9096      0.129      0.187     7.4519 0.0000e+00
      0.132      0.055    11.9135     99.946     65.369  42.539843     8.8110      6.936   274.7962 8.4558e+01     6.8431      0.129      0.187     7.4672 0.0000e+00
      0.138      0.044    11.9202    100.104     64.872  42.242918     8.8259      6.933   273.9359 8.3610e+01     6.8154      0.132      0.191     7.5163 0.0000e+00
      0.150      0.038    11.9276    100.243     63.362  41.287136     8.8451      6.934   274.9134 8.2353e+01     6.7795      0.147      0.214     7.5410 0.0000e+00
      0.163      0.043    11.9507    100.360     62.362  40.631026     8.8607      6.932   276.3757 8.1551e+01     6.7843      0.163      0.236     7.5334 0.0000e+00
      0.168      0.053    11.9741    100.427     59.718  38.879596     8.8732      6.927   276.8170 8.1277e+01     6.8394      0.165      0.240     7.5247 0.0000e+00
      0.173      0.059    11.9825    100.214     51.901  33.752520     8.8799      6.922   276.3779 8.0002e+01     6.8655      0.164      0.239     7.5575 0.0000e+00
      0.192      0.059    11.9924     99.633     44.815  29.083261     8.8750      6.922   276.0571 7.6973e+01     6.8265      0.181      0.262     7.5910 0.0000e+00
      0.222      0.059    12.0030     99.049     43.046  27.851291     8.8302      6.925   276.2931 7.4301e+01     6.7440      0.223      0.322     7.5843 0.0000e+00
      0.245      0.064    12.0352     98.672     43.471  28.055061     8.7710      6.929   276.9953 7.3434e+01     6.7556      0.249      0.360     7.5490 0.0000e+00
      0.253      0.075    12.0340     98.370     43.935  28.312146     8.7580      6.929   277.6634 7.3281e+01     6.8651      0.248      0.361     7.5187 0.0000e+00
      0.255      0.083    11.9503     98.031     44.233  28.485935     8.7646      6.927   278.1769 7.2856e+01     6.9060      0.249      0.360     7.4602 0.0000e+00
      0.268      0.087    11.9069     97.564     44.565  28.697441     8.7432      6.927   278.9875 7.0872e+01     6.9079      0.252      0.366     7.3410 0.0000e+00
      0.304      0.087    11.9012     96.887     44.780  28.839683     8.6992      6.929   279.9785 6.7065e+01     6.9569      0.290      0.421     7.2525 0.0000e+00
      0.351      0.084    11.8775     96.019     44.734  28.810316     8.6738      6.929   280.3505 6.4069e+01     7.0199      0.354      0.514     7.2120 0.0000e+00
      0.381      0.074    11.8472     94.973     44.698  28.786385     8.6867      6.929   280.3889 6.3211e+01     7.0889      0.384      0.557     7.1905 0.0000e+00
      0.390      0.056    11.7954     93.689     44.819  28.867476     8.6876      6.929   280.1839 6.3164e+01     7.0397      0.383      0.556     7.1942 0.0000e+00
      0.391      0.036    11.7088     92.231     44.961  28.966194     8.6593      6.930   279.7656 6.3108e+01     6.8357      0.384      0.557     7.2018 0.0000e+00
      0.391      0.021    11.6008     90.746     44.952  28.965094     8.6359      6.930   281.0096 6.3086e+01     6.7061      0.384      0.557     7.2009 0.0000e+00
      0.392      0.016    11.4838     89.317     44.873  28.917604     8.6304      6.929   283.5239 6.3118e+01     6.7359      0.385      0.558     7.1965 0.0000e+00
      0.394      0.018    11.3237     88.046     44.933  28.962888     8.6914      6.928   284.6117 6.2842e+01     6.8209      0.384      0.558     7.2007 0.0000e+00
