Data/DataNotYetUploadedToEDI/Raw_CTD/RawDownloads/030524_fcr50_S7809002.cnv
* Sea-Bird SBE19plus  Data File:
* FileName = C:\R\Reservoirs\Data\DataNotYetUploadedToEDI\Raw_CTD\RawDownloads\030524_bvr50_S7809_0002.hex
* Software version 2.8.0.119
* Temperature SN = 7809
* Conductivity SN = 7809
* System UpLoad Time = Mar 06 2024 14:19:24
* <ApplicationData>
* <Seaterm232>
# nquan = 15
# nvalues = 2458                        
# units = specified
# name 0 = depFM: Depth [fresh water, m]
# name 1 = dz/dtM: Descent Rate [m/s]
# name 2 = sbeox0Mg/L: Oxygen, SBE 43 [mg/l]
# name 3 = sbeox0PS: Oxygen, SBE 43 [% saturation]
# name 4 = specc: Specific Conductance [uS/cm]
# name 5 = c0uS/cm: Conductivity [uS/cm]
# name 6 = flECO-AFL: Fluorescence, WET Labs ECO-AFL/FL [mg/m^3]
# name 7 = ph: pH
# name 8 = orp: Oxidation Reduction Potential [mV]
# name 9 = par/sat/log: PAR/Logarithmic, Satlantic
# name 10 = turbWETntu0: Turbidity, WET Labs ECO [NTU]
# name 11 = prdM: Pressure, Strain Gauge [db]
# name 12 = prdE: Pressure, Strain Gauge [psi]
# name 13 = tv290C: Temperature [ITS-90, deg C]
# name 14 = flag:  0.000e+00
# span 0 =     -0.656,      9.804       
# span 1 =     -0.333,      4.594       
# span 2 =    -1.3919,    12.8523       
# span 3 =    -11.108,    113.002       
# span 4 =      0.670,    531.539       
# span 5 =   0.608590, 339.674792       
# span 6 =    -0.2392,    16.5910       
# span 7 =      4.821,      7.532       
# span 8 =  -159.0117,  1159.1928       
# span 9 = 1.2358e-01, 1.0860e+03       
# span 10 =    -7.5135,   188.0058      
# span 11 =     -0.644,      9.616      
# span 12 =     -0.933,     13.947      
# span 13 =     6.6848,    20.3748      
# span 14 = 0.0000e+00, 0.0000e+00      
# interval = seconds: 0.25
# start_time = Mar 05 2024 13:46:23 [Instrument's time stamp, header]
# bad_flag = -9.990e-29
*END*
[from data line 1446]
      4.952      0.030    11.4732     93.801     38.059  24.128577    10.4237      7.257   322.9645 3.3232e+00     4.0422      4.859      7.048     6.6961 0.0000e+00
      4.957      0.030    11.4705     93.853     38.056  24.128577    10.4165      7.256   322.3549 3.3100e+00     3.9760      4.861      7.051     6.6960 0.0000e+00
      4.964      0.028    11.4644     93.921     38.056  24.129247    10.4098      7.256   322.2013 3.2758e+00     3.9823      4.864      7.056     6.6959 0.0000e+00
      4.974      0.026    11.4675     93.981     38.071  24.136679    10.3921      7.256   322.9144 3.2439e+00     4.1183      4.879      7.076     6.6946 0.0000e+00
      4.984      0.025    11.4710     94.006     38.101  24.155023    10.3519      7.257   324.0074 3.2387e+00     4.2538      4.892      7.094     6.6965 0.0000e+00
      4.988      0.024    11.4755     93.979     38.111  24.160797    10.3228      7.258   324.4900 3.2354e+00     4.2881      4.892      7.095     6.7013 0.0000e+00
      4.991      0.022    11.4857     93.919     38.082  24.143072    10.3067      7.258   324.3620 3.2169e+00     4.2596      4.893      7.096     6.7011 0.0000e+00
      4.996      0.019    11.4948     93.862     38.062  24.130967    10.3079      7.258   324.1801 3.1818e+00     4.2502      4.900      7.107     6.6978 0.0000e+00
      5.003      0.016    11.4993     93.802     38.078  24.141259    10.3789      7.258   323.8392 3.1432e+00     4.2778      4.906      7.117     6.6961 0.0000e+00
      5.009      0.014    11.4961     93.747     38.078  24.140684    10.4829      7.259   323.3382 3.1146e+00     4.2518      4.912      7.124     6.6959 0.0000e+00
      5.012      0.012    11.4844     93.730     38.052  24.124018    10.5160      7.259   323.5423 3.1157e+00     4.1745      4.916      7.130     6.6971 0.0000e+00
      5.013      0.010    11.4793     93.748     38.061  24.129991    10.5129      7.259   324.4999 3.1341e+00     4.1287      4.916      7.131     6.6982 0.0000e+00
      5.013      0.009    11.4721     93.790     38.090  24.149487    10.5284      7.259   325.1079 3.1323e+00     4.1074      4.916      7.130     6.6981 0.0000e+00
      5.014      0.009    11.4618     93.816     38.120  24.169500    10.5294      7.259   325.2151 3.1183e+00     4.0534      4.917      7.131     6.6971 0.0000e+00
      5.016      0.009    11.4626     93.818     38.140  24.181719    10.4992      7.259   325.2806 3.0937e+00     3.9545      4.918      7.133     6.6972 0.0000e+00
      5.021      0.013    11.4620     93.808     38.123  24.170397    10.4637      7.260   325.2975 3.0628e+00     3.9026      4.926      7.144     6.6973 0.0000e+00
      5.025      0.020    11.4722     93.816     38.104  24.159436    10.4404      7.260   325.1606 3.0518e+00     4.0067      4.931      7.152     6.6982 0.0000e+00
      5.026      0.029    11.4733     93.842     38.128  24.176017    10.4339      7.259   324.9160 3.0524e+00     4.1879      4.928      7.147     6.7001 0.0000e+00
      5.031      0.037    11.4732     93.825     38.133  24.180629    10.4435      7.259   324.7490 3.0262e+00     4.2835      4.930      7.151     6.6997 0.0000e+00
      5.043      0.044    11.4723     93.783     38.086  24.151784    10.4409      7.260   324.7767 2.9595e+00     4.2743      4.943      7.170     6.6981 0.0000e+00
      5.062      0.051    11.4688     93.761     38.074  24.144342    10.4023      7.260   324.7346 2.8797e+00     4.3499      4.964      7.199     6.6995 0.0000e+00
      5.079      0.055    11.4799     93.764     38.089  24.154067    10.3502      7.261   324.6706 2.8201e+00     4.5826      4.982      7.226     6.7030 0.0000e+00
      5.093      0.054    11.4730     93.778     38.072  24.142527    10.3189      7.261   324.9500 2.7784e+00     4.6973      4.993      7.243     6.7045 0.0000e+00
      5.107      0.049    11.4657     93.765     38.056  24.131649    10.2986      7.260   325.3586 2.7334e+00     4.6428      5.007      7.262     6.7046 0.0000e+00
      5.120      0.045    11.4635     93.740     38.086  24.149372    10.2800      7.260   324.7934 2.6974e+00     4.5732      5.024      7.287     6.7063 0.0000e+00
      5.129      0.041    11.4628     93.728     38.117  24.166564    10.2680      7.260   323.5363 2.6788e+00     4.4707      5.032      7.298     6.7062 0.0000e+00
      5.135      0.038    11.4691     93.683     38.093  24.149259    10.2625      7.259   323.1500 2.6529e+00     4.3597      5.034      7.301     6.7047 0.0000e+00
      5.144      0.034    11.4658     93.569     38.064  24.130392    10.2545      7.259   323.3069 2.6134e+00     4.2900      5.044      7.314     6.7044 0.0000e+00
      5.155      0.032    11.4605     93.511     38.062  24.128692    10.2461      7.259   323.6260 2.5765e+00     4.2088      5.056      7.333     6.7026 0.0000e+00
      5.165      0.032    11.4632     93.599     38.063  24.128702    10.3196      7.260   324.2555 2.5485e+00     4.1979      5.066      7.348     6.6993 0.0000e+00
      5.171      0.030    11.4629     93.674     38.067  24.130507    10.4606      7.260   324.5515 2.5293e+00     4.2947      5.071      7.355     6.6960 0.0000e+00
      5.176      0.027    11.4430     93.669     38.099  24.150517    10.5359      7.261   323.9356 2.5094e+00     4.3548      5.074      7.360     6.6944 0.0000e+00
      5.184      0.025    11.4241     93.707     38.144  24.180401    10.5474      7.261   322.7456 2.4858e+00     4.3090      5.084      7.374     6.6947 0.0000e+00
      5.191      0.025    11.4509     93.784     38.129  24.174750    10.6085      7.261   322.1222 2.4749e+00     4.2195      5.093      7.387     6.6943 0.0000e+00
      5.196      0.026    11.4651     93.843     38.077  24.145610    10.7415      7.261   322.1629 2.4707e+00     4.2287      5.095      7.389     6.6935 0.0000e+00
      5.201      0.028    11.4497     93.858     38.072  24.145152    10.8316      7.261   322.3777 2.4484e+00     4.2841      5.098      7.394     6.6932 0.0000e+00
      5.209      0.028    11.4607     93.824     38.111  24.169213    10.8411      7.261   322.6542 2.4094e+00     4.2404      5.108      7.409     6.6937 0.0000e+00
      5.218      0.028    11.4700     93.792     38.135  24.182869    10.8567      7.262   322.8384 2.3777e+00     4.1793      5.117      7.422     6.6989 0.0000e+00
      5.226      0.028    11.4760     93.806     38.136  24.183430    10.9121      7.263   322.8847 2.3591e+00     4.2281      5.124      7.431     6.7060 0.0000e+00
      5.234      0.027    11.4780     93.837     38.126  24.175995    10.9532      7.263   322.8695 2.3388e+00     4.2841      5.134      7.446     6.7104 0.0000e+00
      5.241      0.026    11.4708     93.818     38.098  24.156396    10.9540      7.262   322.7415 2.3150e+00     4.2751      5.141      7.457     6.7080 0.0000e+00
      5.246      0.024    11.4661     93.780     38.069  24.136702    10.8971      7.262   322.5415 2.2867e+00     4.2559      5.143      7.459     6.7039 0.0000e+00
      5.251      0.024    11.4676     93.786     38.055  24.128126    10.8064      7.262   322.5159 2.2628e+00     4.2230      5.149      7.467     6.7057 0.0000e+00
      5.257      0.026    11.4780     93.809     38.038  24.116115    10.7732      7.263   322.5170 2.2633e+00     4.2188      5.157      7.479     6.7059 0.0000e+00
      5.262      0.028    11.4737     93.789     38.045  24.118305    10.7782      7.263   322.3833 2.2601e+00     4.2050      5.160      7.484     6.7007 0.0000e+00
      5.268      0.030    11.4651     93.744     38.105  24.154614    10.7665      7.263   322.2756 2.2338e+00     4.1587      5.164      7.489     6.6985 0.0000e+00
      5.280      0.031    11.4678     93.729     38.138  24.174625    10.7237      7.264   322.8502 2.2007e+00     4.2055      5.177      7.509     6.7009 0.0000e+00
      5.292      0.035    11.4745     93.704     38.132  24.170003    10.6688      7.264   323.9096 2.1774e+00     4.3613      5.191      7.531     6.6993 0.0000e+00
      5.298      0.040    11.4736     93.676     38.120  24.162150    10.6599      7.264   324.3295 2.1738e+00     4.5047      5.197      7.538     6.6952 0.0000e+00
      5.302      0.044    11.4609     93.630     38.090  24.143095    10.6661      7.264   324.3137 2.1614e+00     4.5046      5.196      7.536     6.6928 0.0000e+00
      5.312      0.046    11.4673     93.496     38.069  24.129846    10.6694      7.264   324.0627 2.1141e+00     4.4631      5.205      7.549     6.6914 0.0000e+00
      5.330      0.049    11.4618     93.393     38.067  24.128796    10.7164      7.264   323.6187 2.0591e+00     4.5829      5.228      7.583     6.6910 0.0000e+00
      5.348      0.051    11.4548     93.377     38.067  24.130403    10.7677      7.263   323.5910 2.0250e+00     4.7235      5.247      7.611     6.6908 0.0000e+00
      5.361      0.052    11.4627     93.379     38.093  24.149270    10.7744      7.263   324.3301 2.0001e+00     4.7292      5.257      7.626     6.6904 0.0000e+00
      5.372      0.050    11.4321     93.416     38.114  24.166668    10.6894      7.263   325.5000 1.9673e+00     4.5832      5.268      7.641     6.6905 0.0000e+00
      5.383      0.045    11.4174     93.471     38.081  24.150517    10.5384      7.262   326.0344 1.9320e+00     4.3244      5.280      7.658     6.6902 0.0000e+00
      5.394      0.042    11.4235     93.476     38.067  24.144238    10.4723      7.262   325.9730 1.9029e+00     4.1961      5.289      7.671     6.6926 0.0000e+00
      5.406      0.040    11.4177     93.506     38.084  24.154171    10.4887      7.261   325.7042 1.8734e+00     4.2612      5.300      7.688     6.6960 0.0000e+00
      5.417      0.039    11.4205     93.597     38.071  24.143786    10.4615      7.261   325.1937 1.8498e+00     4.2923      5.314      7.707     6.7003 0.0000e+00
      5.426      0.036    11.4340     93.670     38.076  24.145496    10.3927      7.262   324.9628 1.8261e+00     4.2302      5.323      7.718     6.7101 0.0000e+00
      5.432      0.031    11.4250     93.727     38.121  24.174853    10.3567      7.262   325.1500 1.7984e+00     4.1942      5.326      7.725     6.7132 0.0000e+00
      5.441      0.027    11.4255     93.781     38.130  24.181657    10.3673      7.262   325.5640 1.7837e+00     4.1985      5.336      7.739     6.7105 0.0000e+00
      5.449      0.025    11.4482     93.834     38.103  24.164352    10.4387      7.262   326.0103 1.7715e+00     4.2477      5.347      7.754     6.7077 0.0000e+00
      5.454      0.022    11.4523     93.883     38.092  24.155872    10.5373      7.262   326.2439 1.7614e+00     4.3112      5.349      7.759     6.7041 0.0000e+00
      5.457      0.021    11.4608     93.925     38.073  24.142527    10.5764      7.263   326.3235 1.7554e+00     4.3853      5.351      7.759     6.7063 0.0000e+00
      5.463      0.021    11.4649     93.952     38.054  24.129836    10.5789      7.264   326.3715 1.7443e+00     4.4940      5.357      7.769     6.7093 0.0000e+00
      5.469      0.025    11.4731     93.963     38.054  24.129249    10.5846      7.263   326.3938 1.7393e+00     4.4983      5.365      7.781     6.7078 0.0000e+00
      5.472      0.029    11.4795     93.970     38.066  24.135433    10.5455      7.262   325.9047 1.7383e+00     4.3352      5.365      7.781     6.7054 0.0000e+00
      5.478      0.030    11.4853     93.958     38.078  24.141198    10.4631      7.262   325.0178 1.7153e+00     4.1614      5.367      7.786     6.7037 0.0000e+00
      5.491      0.031    11.4901     93.921     38.072  24.135537    10.4207      7.262   324.7911 1.6776e+00     4.1398      5.384      7.809     6.7028 0.0000e+00
      5.505      0.034    11.4884     93.874     38.065  24.130393    10.4242      7.262   324.9697 1.6597e+00     4.2098      5.403      7.835     6.7033 0.0000e+00
      5.511      0.038    11.4927     93.845     38.085  24.142415    10.4469      7.262   325.1127 1.6633e+00     4.2228      5.406      7.841     6.7016 0.0000e+00
      5.514      0.038    11.4916     93.854     38.104  24.154058    10.4874      7.262   325.4872 1.6629e+00     4.1595      5.404      7.839     6.6974 0.0000e+00
      5.523      0.037    11.4876     93.876     38.089  24.144343    10.5235      7.261   325.7984 1.6378e+00     4.1622      5.412      7.849     6.6948 0.0000e+00
      5.539      0.037    11.4808     93.890     38.101  24.151776    10.5419      7.261   325.2617 1.5996e+00     4.2559      5.432      7.878     6.6940 0.0000e+00
      5.553      0.039    11.4755     93.922     38.146  24.180516    10.5020      7.261   323.9883 1.5810e+00     4.2334      5.450      7.905     6.6935 0.0000e+00
      5.559      0.041    11.4787     93.964     38.136  24.174761    10.4073      7.260   323.3083 1.5740e+00     4.0604      5.453      7.909     6.6931 0.0000e+00
      5.564      0.038    11.4834     93.973     38.089  24.145602    10.3449      7.260   323.4068 1.5425e+00     3.9068      5.454      7.910     6.6929 0.0000e+00
      5.575      0.034    11.4820     93.948     38.088  24.145034    10.3555      7.261   323.6301 1.5065e+00     3.9123      5.466      7.928     6.6929 0.0000e+00
      5.588      0.031    11.4862     93.916     38.124  24.167894    10.4685      7.261   324.0289 1.4991e+00     3.9911      5.483      7.953     6.6932 0.0000e+00
      5.597      0.031    11.4948     93.856     38.125  24.168339    10.6295      7.261   324.5297 1.4990e+00     3.9716      5.491      7.964     6.6939 0.0000e+00
      5.602      0.030    11.4949     93.742     38.095  24.150414    10.6962      7.261   324.4364 1.4904e+00     3.9155      5.492      7.966     6.6946 0.0000e+00
      5.606      0.028    11.4897     93.597     38.078  24.141417    10.6836      7.261   323.7613 1.4718e+00     3.8935      5.497      7.973     6.6949 0.0000e+00
      5.613      0.025    11.4868     93.467     38.048  24.122980    10.5526      7.261   323.3368 1.4483e+00     3.9100      5.504      7.983     6.6948 0.0000e+00
      5.623      0.025    11.4830     93.442     38.040  24.117730    10.3013      7.262   323.2615 1.4259e+00     3.9442      5.515      7.998     6.6948 0.0000e+00
      5.630      0.028    11.4648     93.475     38.076  24.141356    10.1509      7.263   323.1941 1.4136e+00     3.8981      5.523      8.011     6.6960 0.0000e+00
      5.633      0.033    11.4478     93.425     38.096  24.154981    10.1237      7.263   323.2099 1.4208e+00     3.8648      5.524      8.012     6.6988 0.0000e+00
      5.638      0.037    11.4238     93.372     38.096  24.155643    10.1312      7.263   323.3667 1.4210e+00     3.9515      5.527      8.018     6.6997 0.0000e+00
      5.648      0.040    11.4209     93.445     38.086  24.149363    10.2163      7.262   323.7994 1.4075e+00     4.0236      5.538      8.033     6.6984 0.0000e+00
      5.663      0.041    11.4408     93.615     38.075  24.142465    10.3540      7.262   324.4843 1.3866e+00     4.0203      5.552      8.053     6.6992 0.0000e+00
      5.679      0.043    11.4231     93.752     38.065  24.135652    10.4226      7.263   324.7654 1.3595e+00     3.9794      5.571      8.080     6.7010 0.0000e+00
      5.692      0.046    11.4107     93.825     38.057  24.130401    10.4292      7.263   324.7028 1.3494e+00     3.9726      5.586      8.101     6.7023 0.0000e+00
      5.698      0.046    11.4204     93.875     38.075  24.142399    10.4762      7.263   324.7598 1.3433e+00     4.0063      5.587      8.104     6.7018 0.0000e+00
      5.705      0.043    11.4510     93.921     38.091  24.153881    10.5491      7.262   324.5942 1.3121e+00     3.9776      5.590      8.109     6.7011 0.0000e+00
      5.719      0.042    11.4685     93.996     38.073  24.142399    10.5786      7.262   324.2484 1.2686e+00     3.9327      5.607      8.132     6.7015 0.0000e+00
      5.735      0.044    11.4721     94.051     38.057  24.130402    10.5750      7.262   324.1926 1.2464e+00     3.9764      5.628      8.162     6.7012 0.0000e+00
