Data/DataNotYetUploadedToEDI/Raw_CTD/RawDownloads/030524_fcr50_S7809002.cnv
* Sea-Bird SBE19plus  Data File:
* FileName = C:\R\Reservoirs\Data\DataNotYetUploadedToEDI\Raw_CTD\RawDownloads\030524_bvr50_S7809_0002.hex
* Software version 2.8.0.119
* Temperature SN = 7809
* Conductivity SN = 7809
* System UpLoad Time = Mar 06 2024 14:19:24
* <ApplicationData>
* <Seaterm232>
# nquan = 15
# nvalues = 2458                        
# units = specified
# name 0 = depFM: Depth [fresh water, m]
# name 1 = dz/dtM: Descent Rate [m/s]
# name 2 = sbeox0Mg/L: Oxygen, SBE 43 [mg/l]
# name 3 = sbeox0PS: Oxygen, SBE 43 [% saturation]
# name 4 = specc: Specific Conductance [uS/cm]
# name 5 = c0uS/cm: Conductivity [uS/cm]
# name 6 = flECO-AFL: Fluorescence, WET Labs ECO-AFL/FL [mg/m^3]
# name 7 = ph: pH
# name 8 = orp: Oxidation Reduction Potential [mV]
# name 9 = par/sat/log: PAR/Logarithmic, Satlantic
# name 10 = turbWETntu0: Turbidity, WET Labs ECO [NTU]
# name 11 = prdM: Pressure, Strain Gauge [db]
# name 12 = prdE: Pressure, Strain Gauge [psi]
# name 13 = tv290C: Temperature [ITS-90, deg C]
# name 14 = flag:  0.000e+00
# span 0 =     -0.656,      9.804       
# span 1 =     -0.333,      4.594       
# span 2 =    -1.3919,    12.8523       
# span 3 =    -11.108,    113.002       
# span 4 =      0.670,    531.539       
# span 5 =   0.608590, 339.674792       
# span 6 =    -0.2392,    16.5910       
# span 7 =      4.821,      7.532       
# span 8 =  -159.0117,  1159.1928       
# span 9 = 1.2358e-01, 1.0860e+03       
# span 10 =    -7.5135,   188.0058      
# span 11 =     -0.644,      9.616      
# span 12 =     -0.933,     13.947      
# span 13 =     6.6848,    20.3748      
# span 14 = 0.0000e+00, 0.0000e+00      
# interval = seconds: 0.25
# start_time = Mar 05 2024 13:46:23 [Instrument's time stamp, header]
# bad_flag = -9.990e-29
*END*
[from data line 1928]
      9.178      0.026    11.4207     93.325     38.104  24.149496    10.1138      7.282   331.9747 1.2374e-01     4.4280      9.004     13.058     6.6858 0.0000e+00
      9.182      0.020    11.4136     93.345     38.114  24.155778    10.0768      7.282   331.8273 1.2372e-01     4.3038      9.006     13.061     6.6869 0.0000e+00
      9.182      0.014    11.4118     93.363     38.115  24.156259    10.0063      7.283   331.7794 1.2369e-01     4.1914      9.002     13.056     6.6877 0.0000e+00
      9.182      0.009    11.4123     93.384     38.113  24.155314     9.9763      7.283   331.5679 1.2375e-01     4.1964      9.003     13.058     6.6875 0.0000e+00
      9.184      0.009    11.4167     93.401     38.095  24.144352     9.9638      7.283   331.1627 1.2380e-01     4.2276      9.006     13.062     6.6870 0.0000e+00
      9.186      0.012    11.4191     93.415     38.105  24.150547     9.9134      7.283   331.2686 1.2375e-01     4.1924      9.008     13.066     6.6872 0.0000e+00
      9.189      0.018    11.4197     93.427     38.131  24.166793     9.8507      7.283   331.9014 1.2370e-01     4.1474      9.011     13.069     6.6875 0.0000e+00
      9.193      0.026    11.4240     93.433     38.106  24.150536     9.8295      7.283   332.2745 1.2369e-01     4.1608      9.014     13.074     6.6878 0.0000e+00
      9.199      0.035    11.4251     93.434     38.096  24.144239     9.8406      7.284   332.3390 1.2372e-01     4.2176      9.020     13.083     6.6882 0.0000e+00
      9.207      0.041    11.4269     93.444     38.112  24.154068     9.8348      7.285   332.2507 1.2375e-01     4.2195      9.028     13.094     6.6883 0.0000e+00
      9.221      0.042    11.4284     93.457     38.093  24.142538     9.7927      7.285   332.0682 1.2376e-01     4.1843      9.041     13.112     6.6879 0.0000e+00
      9.240      0.040    11.4300     93.454     38.076  24.131661     9.7467      7.285   332.0244 1.2376e-01     4.2022      9.063     13.143     6.6875 0.0000e+00
      9.255      0.035    11.4285     93.447     38.103  24.149393     9.7369      7.284   331.8935 1.2378e-01     4.2301      9.081     13.171     6.6874 0.0000e+00
      9.262      0.030    11.4303     93.450     38.130  24.166688     9.7328      7.283   331.6901 1.2381e-01     4.2480      9.086     13.177     6.6872 0.0000e+00
      9.262      0.024    11.4338     93.440     38.104  24.150527     9.6466      7.283   331.7166 1.2381e-01     4.1801      9.081     13.170     6.6872 0.0000e+00
      9.263      0.019    11.4324     93.430     38.094  24.144238     9.4934      7.284   331.7836 1.2382e-01     4.0240      9.082     13.172     6.6872 0.0000e+00
      9.268      0.020    11.4291     93.419     38.109  24.154067     9.4199      7.284   331.8980 1.2380e-01     3.9668      9.089     13.182     6.6878 0.0000e+00
      9.275      0.026    11.4331     93.401     38.090  24.142537     9.4417      7.284   332.0674 1.2374e-01     3.9661      9.096     13.193     6.6885 0.0000e+00
      9.281      0.035    11.4290     93.388     38.073  24.131660     9.5323      7.284   331.9386 1.2374e-01     3.9808      9.102     13.201     6.6892 0.0000e+00
      9.288      0.040    11.4280     93.351     38.103  24.149383     9.6740      7.283   331.3732 1.2378e-01     4.0760      9.105     13.207     6.6895 0.0000e+00
      9.299      0.043    11.4289     93.302     38.131  24.166574     9.7488      7.283   330.8235 1.2378e-01     4.1955      9.116     13.223     6.6898 0.0000e+00
      9.317      0.046    11.4218     93.269     38.105  24.149270     9.7709      7.284   330.7119 1.2376e-01     4.2984      9.138     13.254     6.6901 0.0000e+00
      9.333      0.050    11.4264     93.248     38.075  24.130412     9.9083      7.285   330.6259 1.2379e-01     4.4663      9.157     13.282     6.6894 0.0000e+00
      9.342      0.055    11.4191     93.246     38.073  24.128811    10.1439      7.285   330.5594 1.2380e-01     4.7223      9.163     13.290     6.6879 0.0000e+00
      9.349      0.057    11.4123     93.261     38.075  24.129907    10.2809      7.283   330.7682 1.2380e-01     4.9006      9.166     13.293     6.6866 0.0000e+00
      9.363      0.057    11.4097     93.279     38.097  24.143667    10.3087      7.281   330.7410 1.2376e-01     4.9818      9.179     13.312     6.6861 0.0000e+00
      9.385      0.056    11.4059     93.294     38.136  24.168346    10.3297      7.280   330.2300 1.2368e-01     5.0552      9.203     13.349     6.6861 0.0000e+00
      9.407      0.055    11.4063     93.324     38.146  24.174635    10.5763      7.280   329.4942 1.2369e-01     6.1640      9.229     13.385     6.6860 0.0000e+00
      9.422      0.050    11.4082     93.360     38.117  24.156291    11.0436      7.281   328.9001 1.2376e-01     8.3787      9.244     13.406     6.6857 0.0000e+00
      9.430      0.042    11.4120     93.367     38.086  24.136804    11.3107      7.281   328.6387 1.2378e-01     9.6987      9.247     13.412     6.6855 0.0000e+00
      9.435      0.033    11.4113     93.340     38.073  24.129268    11.3755      7.281   328.3992 1.2381e-01    10.2017      9.251     13.418     6.6855 0.0000e+00
      9.444      0.028    11.4162     93.317     38.071  24.128588    11.6858      7.281   328.1557 1.2381e-01    13.3687      9.261     13.433     6.6855 0.0000e+00
      9.450      0.028    11.4224     93.305     38.071  24.128579    12.2405      7.281   328.2744 1.2379e-01    19.0917      9.270     13.444     6.6856 0.0000e+00
      9.453      0.031    11.4239     93.266     38.072  24.129160    12.5475      7.280   328.6303 1.2375e-01    22.5898      9.269     13.445     6.6858 0.0000e+00
      9.459      0.033    11.4178     93.211     38.082  24.135613    12.6676      7.280   328.6742 1.2373e-01    26.7654      9.272     13.448     6.6862 0.0000e+00
      9.471      0.035    11.4136     93.172     38.093  24.143191    13.7097      7.281   328.2883 1.2374e-01    68.9639      9.287     13.470     6.6869 0.0000e+00
      9.484      0.038    11.4164     93.149     38.116  24.157370    15.6010      7.281   328.0087 1.2378e-01   146.2257      9.304     13.494     6.6873 0.0000e+00
      9.494      0.039    11.4095     93.126     38.252  24.243626    16.5910      7.281   327.9598 1.2379e-01   188.0058      9.311     13.504     6.6875 0.0000e+00
      9.501      0.039    11.4011     93.106     38.538  24.425110    16.3082      7.281   327.9556 1.2375e-01   187.9172      9.315     13.510     6.6877 0.0000e+00
      9.511      0.036    11.3964     93.104     39.176  24.829677    12.1734      7.281   328.0438 1.2375e-01   145.1548      9.326     13.526     6.6878 0.0000e+00
      9.523      0.033    11.3946     93.105     40.165  25.456933     4.5585      7.281   328.0805 1.2378e-01    66.0232      9.340     13.547     6.6880 0.0000e+00
      9.532      0.031    11.3920     93.105     40.495  25.667277     0.3936      7.281   328.0545 1.2374e-01    22.7540      9.349     13.560     6.6881 0.0000e+00
      9.537      0.029    11.3873     93.117     39.884  25.280086     0.0112      7.281   328.0740 1.2373e-01    18.4110      9.352     13.564     6.6886 0.0000e+00
      9.543      0.026    11.3888     93.079     39.381  24.961162    -0.0321      7.282   328.0578 1.2376e-01    13.8534      9.358     13.572     6.6887 0.0000e+00
      9.550      0.022    11.3896     92.914     39.414  24.982205    -0.0629      7.282   327.8579 1.2377e-01     6.1124      9.366     13.584     6.6889 0.0000e+00
      9.556      0.020    11.3861     92.627     40.685  25.788180    -0.0871      7.282   327.5510 1.2370e-01     1.8435      9.372     13.593     6.6902 0.0000e+00
      9.561      0.020    11.3911     92.217     49.049  31.091154    -0.0917      7.282   327.3581 1.2359e-01     1.4883      9.376     13.599     6.6908 0.0000e+00
      9.565      0.021    11.3927     91.721     77.799  49.322110    -0.0842      7.282   327.3323 1.2363e-01     1.9198      9.380     13.604     6.6903 0.0000e+00
      9.568      0.021    11.3691     91.253    131.039  83.095766    -0.0720      7.283   327.3244 1.2375e-01     2.6546      9.382     13.609     6.6901 0.0000e+00
      9.573      0.022    11.3351     90.835    186.496 118.306733    -0.0693      7.283   327.2628 1.2377e-01     3.0281      9.387     13.615     6.6899 0.0000e+00
      9.581      0.022    11.2858     90.394    206.696 131.175353    -0.0763      7.282   327.3625 1.2375e-01     3.0536      9.396     13.627     6.6911 0.0000e+00
      9.588      0.022    11.2135     89.715    207.494 131.737386    -0.0820      7.281   327.4977 1.2371e-01     3.0324      9.403     13.638     6.6929 0.0000e+00
      9.594      0.021    11.1540     88.255    231.235 146.853813    -0.0882      7.281   327.5205 1.2369e-01     2.9766      9.409     13.646     6.6993 0.0000e+00
      9.599      0.021    11.0996     85.069    264.526 168.035306    -0.0924      7.282   327.6387 1.2372e-01     2.9253      9.414     13.654     6.7125 0.0000e+00
      9.603      0.021    11.0451     79.051    303.894 193.103342    -0.0828      7.283   327.6357 1.2372e-01     2.9242      9.417     13.659     6.7309 0.0000e+00
      9.606      0.021    10.9829     69.623    350.274 222.658797    -0.0723      7.283   327.1393 1.2371e-01     2.8608      9.420     13.663     6.7462 0.0000e+00
      9.611      0.020    10.8402     57.233    379.146 241.103132    -0.0818      7.283   326.6275 1.2373e-01     2.2269      9.423     13.669     6.7518 0.0000e+00
      9.619      0.019    10.5078     43.341    392.122 249.427722    -0.0893      7.284   326.5244 1.2372e-01     1.1352      9.433     13.681     6.7586 0.0000e+00
      9.626      0.018     9.7965     29.492    399.653 254.267488    -0.0798      7.284   326.5806 1.2372e-01     0.5239      9.443     13.695     6.7674 0.0000e+00
      9.630      0.019     8.6276     16.689    403.955 257.040544    -0.0762      7.283   327.0492 1.2372e-01     0.4035      9.445     13.700     6.7802 0.0000e+00
      9.632      0.025     7.0397      5.885    410.058 260.957037    -0.0866      7.266   328.3181 1.2367e-01     0.2947      9.445     13.699     6.7953 0.0000e+00
      9.633      0.036     5.2649     -2.195    420.171 267.426212    -0.0887      7.211   329.3610 1.2365e-01     0.1988      9.447     13.701     6.8043 0.0000e+00
      9.638      0.051     3.5552     -7.438    431.621 274.746187    -0.0769      7.124   329.0762 1.2371e-01     0.2351      9.449     13.704     6.8097 0.0000e+00
      9.651      0.066     1.9451    -10.182    441.662 281.165275    -0.0777      7.038   328.0587 1.2371e-01     0.2891      9.459     13.719     6.8140 0.0000e+00
      9.676      0.077     0.5933    -11.108    449.374 286.095727    -0.0811      6.966   327.0377 1.2365e-01     0.1695      9.486     13.758     6.8178 0.0000e+00
      9.707      0.082    -0.3891    -10.995    455.043 289.722313    -0.0771      6.903   326.1098 1.2365e-01    -0.0509      9.522     13.810     6.8217 0.0000e+00
      9.736      0.081    -1.0155    -10.321    459.295 292.444373    -0.0876      6.848   325.2715 1.2369e-01    -0.2232      9.550     13.852     6.8259 0.0000e+00
      9.756      0.074    -1.3176     -9.276    462.951 294.785368    -0.0995      6.806   324.6459 1.2373e-01    -0.3086      9.569     13.878     6.8291 0.0000e+00
      9.770      0.061    -1.3919     -8.037    466.230 296.885790    -0.0958      6.781   324.3963 1.2379e-01    -0.2970      9.582     13.897     6.8311 0.0000e+00
      9.782      0.046    -1.3571     -6.750    468.944 298.624896    -0.0845      6.771   324.4049 1.2381e-01    -0.2199      9.594     13.914     6.8331 0.0000e+00
      9.792      0.031    -1.2747     -5.494    471.094 300.001926    -0.0792      6.772   324.4917 1.2377e-01    -0.1956      9.604     13.929     6.8347 0.0000e+00
      9.800      0.014    -1.1358     -4.340    472.755 301.065668    -0.0823      6.779   324.4987 1.2375e-01    -0.1745      9.612     13.941     6.8360 0.0000e+00
      9.804     -0.006    -0.9794     -3.312    473.871 301.780163    -0.0887      6.790   324.4040 1.2375e-01    -0.1013      9.616     13.946     6.8374 0.0000e+00
      9.803     -0.033    -0.8209     -2.317    474.545 302.212518    -0.0978      6.805   324.5511 1.2375e-01    -0.0628      9.616     13.947     6.8386 0.0000e+00
      9.796     -0.068    -0.6635     -1.147    475.095 302.564716    -0.1007      6.830   324.4705 1.2368e-01    -0.0499      9.610     13.939     6.8395 0.0000e+00
      9.777     -0.111    -0.5219      0.496    475.905 303.081388    -0.0910      6.877   323.7735 1.2361e-01    -0.0488      9.592     13.912     6.8400 0.0000e+00
      9.747     -0.157    -0.4001      2.924    477.180 303.895092    -0.0716      6.943   323.6090 1.2361e-01     0.0195      9.564     13.873     6.8404 0.0000e+00
      9.702     -0.196    -0.2888      6.219    478.622 304.816891    -0.0573      7.009   323.9446 1.2364e-01     0.1612      9.521     13.808     6.8407 0.0000e+00
      9.640     -0.216    -0.1579     10.160    479.757 305.547287    -0.0600      7.054   323.3571 1.2370e-01     0.2294      9.460     13.720     6.8409 0.0000e+00
      9.563     -0.207     0.0240     14.357    480.511 306.039593    -0.0710      7.069   320.5498 1.2374e-01     0.1265      9.382     13.608     6.8411 0.0000e+00
      9.481     -0.175     0.3156     18.330    481.251 306.525730    -0.0819      7.079   312.5442 1.2371e-01    -0.1255      9.290     13.473     6.8411 0.0000e+00
      9.421     -0.130     0.7287     21.593    482.359 307.245697    -0.0919      7.099   293.8441 1.2369e-01    -0.3245      9.221     13.374     6.8414 0.0000e+00
      9.406     -0.083     1.2248     23.806    483.511 307.993052    -0.0999      7.129   267.3013 1.2371e-01    -0.4002      9.211     13.359     6.8422 0.0000e+00
      9.423     -0.041     1.7559     24.842    484.066 308.360059    -0.1042      7.159   246.2081 1.2375e-01    -0.3921      9.242     13.404     6.8434 0.0000e+00
      9.442     -0.010     2.2621     24.759    484.313 308.532285    -0.0946      7.188   235.5803 1.2376e-01    -0.2951      9.268     13.443     6.8452 0.0000e+00
      9.442      0.001     2.6741     23.790    484.994 308.982237    -0.0755      7.214   230.1747 1.2378e-01    -0.2179      9.263     13.436     6.8466 0.0000e+00
      9.431     -0.009     2.9471     22.284    486.072 309.684755    -0.0725      7.239   224.2988 1.2378e-01    -0.2098      9.244     13.409     6.8480 0.0000e+00
      9.424     -0.038     3.0719     20.539    487.272 310.466946    -0.0828      7.269   216.2455 1.2374e-01    -0.2316      9.239     13.401     6.8493 0.0000e+00
      9.421     -0.085     3.0508     18.749    488.653 311.365504    -0.0835      7.304   209.6356 1.2373e-01    -0.1743      9.240     13.402     6.8509 0.0000e+00
      9.415     -0.146     2.9165     17.087    490.217 312.381400    -0.0812      7.339   206.5858 1.2373e-01    -0.0291      9.237     13.397     6.8527 0.0000e+00
      9.392     -0.210     2.7185     15.671    491.917 313.488578    -0.0886      7.372   205.5264 1.2368e-01     0.0214      9.226     13.380     6.8542 0.0000e+00
      9.330     -0.250     2.5013     14.517    493.698 314.654184    -0.0819      7.402   204.6568 1.2366e-01     0.4022      9.169     13.298     6.8559 0.0000e+00
      9.222     -0.246     2.2747     13.620    495.331 315.732737     0.0836      7.427   202.9545 1.2368e-01     5.4286      9.053     13.130     6.8579 0.0000e+00
      9.094     -0.199     2.0658     12.928    496.461 316.494391     0.3898      7.447   200.0867 1.2373e-01    14.6805      8.908     12.919     6.8598 0.0000e+00
      8.999     -0.130     1.8958     12.384    497.160 316.980131     0.5648      7.462   196.5678 1.2374e-01    19.8646      8.790     12.750     6.8620 0.0000e+00
      8.988     -0.070     1.7538     11.958    497.903 317.488625     0.6434      7.473   193.8777 1.2374e-01    21.9934      8.779     12.733     6.8650 0.0000e+00
