Data/DataNotYetUploadedToEDI/Raw_CTD/RawDownloads/030524_bvr50_S7809001.cnv
* Sea-Bird SBE19plus  Data File:
* FileName = C:\R\Reservoirs\Data\DataNotYetUploadedToEDI\Raw_CTD\RawDownloads\030524_bvr50_S7809_0001.hex
* Software version 2.8.0.119
* Temperature SN = 7809
* Conductivity SN = 7809
* System UpLoad Time = Mar 06 2024 14:18:21
* <ApplicationData>
* <Seaterm232>
# nquan = 15
# nvalues = 1796                        
# units = specified
# name 0 = depFM: Depth [fresh water, m]
# name 1 = dz/dtM: Descent Rate [m/s]
# name 2 = sbeox0Mg/L: Oxygen, SBE 43 [mg/l]
# name 3 = sbeox0PS: Oxygen, SBE 43 [% saturation]
# name 4 = specc: Specific Conductance [uS/cm]
# name 5 = c0uS/cm: Conductivity [uS/cm]
# name 6 = flECO-AFL: Fluorescence, WET Labs ECO-AFL/FL [mg/m^3]
# name 7 = ph: pH
# name 8 = orp: Oxidation Reduction Potential [mV]
# name 9 = par/sat/log: PAR/Logarithmic, Satlantic
# name 10 = turbWETntu0: Turbidity, WET Labs ECO [NTU]
# name 11 = prdM: Pressure, Strain Gauge [db]
# name 12 = prdE: Pressure, Strain Gauge [psi]
# name 13 = tv290C: Temperature [ITS-90, deg C]
# name 14 = flag:  0.000e+00
# span 0 =     -0.697,      9.780       
# span 1 =     -0.367,      0.348       
# span 2 =     7.2259,    11.7793       
# span 3 =     59.143,    104.281       
# span 4 =      5.516,    218.468       
# span 5 =   3.485129, 154.193383       
# span 6 =    -0.6353,   227.3295       
# span 7 =      6.880,      7.432       
# span 8 =   248.5298,   553.5475       
# span 9 = 1.2371e-01, 1.5678e+03       
# span 10 =    -4.2418,   161.9983      
# span 11 =     -0.685,      9.594      
# span 12 =     -0.993,     13.915      
# span 13 =     6.2950,    12.5266      
# span 14 = 0.0000e+00, 0.0000e+00      
# interval = seconds: 0.25
# start_time = Mar 05 2024 11:33:43 [Instrument's time stamp, header]
# bad_flag = -9.990e-29
*END*
[from data line 1254]
      9.496      0.019    10.1953     81.981     29.931  18.745984     2.7498      7.137   313.6653 1.2385e-01     6.5424      9.313     13.509     6.3157 0.0000e+00
      9.500      0.019    10.1782     81.882     29.939  18.751128     2.7910      7.138   313.6366 1.2386e-01     6.6884      9.316     13.512     6.3163 0.0000e+00
      9.503      0.019    10.1630     81.870     29.949  18.757922     2.8566      7.139   313.6193 1.2382e-01     6.8669      9.318     13.514     6.3155 0.0000e+00
      9.507      0.019    10.1446     81.910     29.959  18.764723     2.8858      7.140   313.5416 1.2377e-01     6.9246      9.322     13.522     6.3144 0.0000e+00
      9.512      0.020    10.1196     81.985     29.964  18.769961     2.8784      7.140   313.3857 1.2374e-01     6.8731      9.328     13.531     6.3141 0.0000e+00
      9.517      0.020    10.1062     82.089     29.943  18.757864     2.8833      7.140   313.2826 1.2375e-01     6.8596      9.333     13.536     6.3137 0.0000e+00
      9.523      0.019    10.1084     82.211     29.921  18.745252     2.9119      7.140   313.2421 1.2379e-01     6.8636      9.339     13.545     6.3140 0.0000e+00
      9.530      0.019    10.1117     82.314     29.919  18.744271     2.9413      7.140   313.2401 1.2378e-01     6.8529      9.346     13.555     6.3161 0.0000e+00
      9.535      0.023    10.1220     82.362     29.923  18.745995     2.9475      7.140   313.2590 1.2375e-01     6.8676      9.351     13.563     6.3191 0.0000e+00
      9.538      0.031    10.1330     82.392     29.956  18.766096     2.9454      7.138   313.2980 1.2380e-01     6.9045      9.354     13.567     6.3219 0.0000e+00
      9.540      0.038    10.1501     82.452     30.006  18.797113     3.0162      7.136   313.3673 1.2387e-01     7.1962      9.354     13.567     6.3227 0.0000e+00
      9.547      0.039    10.1657     82.502     30.017  18.804028     3.1455      7.135   313.4092 1.2385e-01     7.7306      9.357     13.571     6.3227 0.0000e+00
      9.566      0.034    10.1695     82.509     29.990  18.786309     3.2022      7.135   313.4600 1.2378e-01     8.0027      9.379     13.602     6.3222 0.0000e+00
      9.590      0.028    10.1692     82.496     29.971  18.773068     3.2021      7.135   313.4653 1.2378e-01     8.0263      9.411     13.649     6.3206 0.0000e+00
      9.601      0.021    10.1803     82.497     29.969  18.770732     3.0772      7.136   313.3016 1.2380e-01     7.9479      9.424     13.667     6.3208 0.0000e+00
      9.593      0.016    10.1887     82.531     29.950  18.758062     2.8081      7.136   313.0292 1.2378e-01     7.7039      9.410     13.647     6.3209 0.0000e+00
      9.582      0.013    10.1870     82.565     29.932  18.746672     2.6532      7.135   312.8391 1.2378e-01     7.5013      9.393     13.622     6.3198 0.0000e+00
      9.580      0.015    10.1861     82.573     29.952  18.759818     2.6517      7.135   312.7239 1.2380e-01     7.5476      9.391     13.620     6.3173 0.0000e+00
      9.588      0.024    10.1838     82.569     30.001  18.790207     2.7491      7.135   312.5827 1.2378e-01     8.3316      9.401     13.636     6.3145 0.0000e+00
      9.602      0.034    10.1915     82.559     30.012  18.797104     2.9154      7.135   312.5080 1.2378e-01     9.6366      9.415     13.656     6.3138 0.0000e+00
      9.617      0.041    10.1972     82.522     29.983  18.779812     2.9970      7.136   312.3369 1.2380e-01    10.2779      9.431     13.679     6.3146 0.0000e+00
      9.631      0.043    10.1962     82.451     29.968  18.771334     2.9956      7.137   312.0623 1.2378e-01    10.3814      9.446     13.700     6.3151 0.0000e+00
      9.641      0.042    10.1954     82.348     29.946  18.757989     3.0641      7.137   311.9411 1.2374e-01    10.8873      9.456     13.714     6.3149 0.0000e+00
      9.647      0.040    10.1960     82.234     29.924  18.745263     3.8760      7.137   311.9043 1.2372e-01    16.0874      9.460     13.721     6.3151 0.0000e+00
      9.655      0.036    10.1913     82.144     29.922  18.744262     5.3634      7.138   311.8758 1.2374e-01    25.7053      9.466     13.730     6.3154 0.0000e+00
      9.667      0.033    10.1817     82.066     29.925  18.745887     6.2152      7.140   311.8542 1.2375e-01    31.2571      9.479     13.749     6.3168 0.0000e+00
      9.678      0.030    10.1690     82.013     29.955  18.764914     6.6178      7.142   311.9015 1.2376e-01    34.8092      9.492     13.768     6.3185 0.0000e+00
      9.686      0.029    10.1502     82.023     29.985  18.784109    10.1149      7.142   311.9317 1.2376e-01    68.1077      9.499     13.778     6.3201 0.0000e+00
      9.691      0.030    10.1418     82.084     29.991  18.787775    16.5128      7.143   311.7887 1.2375e-01   128.9592      9.503     13.784     6.3209 0.0000e+00
      9.695      0.034    10.1316     82.153     30.127  18.872650    19.9533      7.143   311.6349 1.2375e-01   161.8379      9.507     13.789     6.3200 0.0000e+00
      9.699      0.040    10.1220     82.226     31.728  19.873723    19.8107      7.143   311.5345 1.2372e-01   161.9983      9.510     13.793     6.3197 0.0000e+00
      9.709      0.046    10.1243     82.317     44.165  27.658176    14.8883      7.142   311.4357 1.2373e-01   131.3429      9.518     13.804     6.3206 0.0000e+00
      9.726      0.049    10.1341     82.400     72.757  45.555399     5.8072      7.142   311.3010 1.2380e-01    74.6070      9.537     13.832     6.3216 0.0000e+00
      9.747      0.049    10.1433     82.480    103.992  65.102430     0.8412      7.141   311.1965 1.2383e-01    43.5001      9.561     13.867     6.3212 0.0000e+00
      9.763      0.041    10.1494     82.526    125.508  78.564685     0.3642      7.141   311.3774 1.2388e-01    39.7116      9.578     13.891     6.3186 0.0000e+00
      9.773      0.024    10.1672     82.492    136.039  85.152846     0.2059      7.141   311.6807 1.2386e-01    29.4835      9.585     13.902     6.3134 0.0000e+00
      9.779     -0.006    10.1749     82.417    138.823  86.894231     0.0091      7.142   311.9389 1.2379e-01    11.2437      9.590     13.910     6.3065 0.0000e+00
      9.780     -0.049    10.1862     82.285    137.709  86.198778    -0.0842      7.143   312.3475 1.2379e-01     1.4165      9.594     13.915     6.3003 0.0000e+00
      9.772     -0.100    10.1983     82.009    132.864  83.168798    -0.0475      7.144   312.6633 1.2379e-01     1.6298      9.589     13.908     6.2966 0.0000e+00
      9.746     -0.151    10.1877     81.597    120.017  75.128108     0.2937      7.145   312.8319 1.2380e-01    13.9252      9.566     13.875     6.2951 0.0000e+00
      9.697     -0.188    10.1800     81.122     91.173  57.072836     0.8947      7.142   313.2682 1.2385e-01    36.5679      9.517     13.804     6.2950 0.0000e+00
      9.626     -0.199    10.1700     80.597     56.188  35.173929     1.2110      7.135   313.8937 1.2385e-01    48.8556      9.444     13.699     6.2960 0.0000e+00
      9.542     -0.180    10.1350     80.051     37.620  23.553424     1.2378      7.129   314.1998 1.2381e-01    49.9726      9.356     13.570     6.2971 0.0000e+00
      9.469     -0.139    10.0779     79.504     33.591  21.035073     1.2439      7.125   314.0442 1.2378e-01    50.0058      9.270     13.445     6.2978 0.0000e+00
      9.436     -0.089    10.0217     78.753     32.148  20.133894     1.2851      7.124   313.8190 1.2375e-01    48.9493      9.235     13.394     6.2977 0.0000e+00
      9.448     -0.043     9.9585     77.489     31.345  19.631864     1.3696      7.125   313.6284 1.2376e-01    47.0358      9.259     13.430     6.2983 0.0000e+00
      9.478     -0.016     9.8826     75.369     31.081  19.466710     1.4078      7.128   313.3740 1.2379e-01    45.9993      9.302     13.491     6.3032 0.0000e+00
      9.495     -0.023     9.8268     72.115     30.982  19.405074     1.4148      7.131   313.1517 1.2378e-01    45.9483      9.320     13.519     6.3099 0.0000e+00
      9.492     -0.072     9.7474     68.032     30.761  19.267027     1.4704      7.135   312.9203 1.2379e-01    45.8731      9.310     13.504     6.3134 0.0000e+00
      9.475     -0.148     9.6014     63.975     30.539  19.129023     1.5476      7.139   312.7278 1.2395e-01    45.6023      9.297     13.484     6.3147 0.0000e+00
      9.438     -0.224     9.3642     60.819     30.440  19.067903     1.5909      7.142   312.7166 1.2575e-01    45.4404      9.272     13.448     6.3153 0.0000e+00
      9.361     -0.279     8.9470     59.143     30.385  19.035229     1.6191      7.144   312.8703 1.2850e-01    45.0434      9.194     13.335     6.3154 0.0000e+00
      9.251     -0.302     8.3979     59.194     30.308  18.987568     1.7557      7.144   313.1235 1.3655e-01    40.1185      9.070     13.156     6.3157 0.0000e+00
      9.137     -0.289     7.8577     60.924     30.224  18.935440     1.9858      7.140   313.3691 1.4624e-01    31.0532      8.953     12.984     6.3168 0.0000e+00
      9.043     -0.242     7.4420     63.971     30.189  18.912154     2.1036      7.135   313.5167 1.5054e-01    26.0601      8.856     12.845     6.3192 0.0000e+00
      8.983     -0.167     7.2259     67.765     30.165  18.896216     2.1226      7.131   313.5326 1.5403e-01    25.3838      8.792     12.753     6.3220 0.0000e+00
      8.963     -0.081     7.2316     71.650     30.125  18.869532     2.1829      7.129   313.2160 1.4809e-01    22.8427      8.780     12.735     6.3235 0.0000e+00
      8.969     -0.011     7.4636     75.092     30.085  18.843112     2.2588      7.129   312.6142 1.3914e-01    18.1198      8.795     12.756     6.3235 0.0000e+00
      8.989      0.019     7.8645     77.824     30.067  18.830377     2.2823      7.132   312.1929 1.4036e-01    15.4885      8.809     12.776     6.3219 0.0000e+00
      9.023      0.012     8.3638     79.796     30.087  18.842351     2.2834      7.133   312.2520 1.3894e-01    15.3141      8.844     12.827     6.3195 0.0000e+00
      9.058     -0.009     8.8699     81.122     30.117  18.861089     2.2555      7.132   312.5553 1.3432e-01    15.9087      8.898     12.905     6.3169 0.0000e+00
      9.054     -0.022     9.3039     81.989     30.126  18.866738     2.1787      7.129   312.4178 1.4155e-01    16.9394      8.904     12.915     6.3147 0.0000e+00
      8.999     -0.025     9.6448     82.562     30.095  18.847245     2.1211      7.128   311.7945 1.5840e-01    17.4602      8.827     12.803     6.3130 0.0000e+00
      8.940     -0.027     9.8819     82.933     30.045  18.815609     2.0998      7.130   311.1278 1.6181e-01    17.4573      8.741     12.678     6.3121 0.0000e+00
      8.935     -0.035    10.0369     83.133     30.022  18.801215     2.0951      7.134   310.5516 1.4989e-01    17.3829      8.741     12.678     6.3119 0.0000e+00
      8.979     -0.044    10.1365     83.200     30.020  18.800010     2.0736      7.137   310.1617 1.4202e-01    17.3805      8.809     12.777     6.3119 0.0000e+00
      9.016     -0.049    10.2031     83.225     30.022  18.801048     2.0231      7.139   309.9416 1.4141e-01    17.4974      8.862     12.854     6.3120 0.0000e+00
      9.003     -0.059    10.2489     83.266     30.042  18.813768     2.0001      7.140   309.7830 1.5236e-01    17.6003      8.850     12.835     6.3116 0.0000e+00
      8.943     -0.075    10.2728     83.293     30.063  18.827010     2.0201      7.141   309.5348 1.7006e-01    17.5653      8.772     12.722     6.3109 0.0000e+00
      8.878     -0.087    10.2764     83.302     30.074  18.834355     2.1401      7.142   309.1764 1.7830e-01    16.2890      8.691     12.604     6.3105 0.0000e+00
      8.848     -0.081    10.2746     83.300     30.082  18.839175     2.3522      7.145   308.8921 1.7491e-01    13.8168      8.664     12.566     6.3103 0.0000e+00
      8.850     -0.057    10.2848     83.274     30.055  18.821884     2.4619      7.147   308.6781 1.6691e-01    12.3717      8.677     12.585     6.3108 0.0000e+00
      8.861     -0.027    10.2867     83.228     30.046  18.815492     2.4674      7.151   308.4823 1.6407e-01    12.2071      8.693     12.609     6.3114 0.0000e+00
      8.865     -0.007    10.2866     83.183     30.062  18.825295     2.5112      7.155   308.3320 1.6650e-01    12.1678      8.696     12.613     6.3115 0.0000e+00
      8.860     -0.002    10.2889     83.154     30.044  18.813607     2.5753      7.157   308.0650 1.6697e-01    11.9991      8.689     12.602     6.3109 0.0000e+00
      8.853     -0.012    10.2844     83.122     30.024  18.800964     2.5936      7.159   307.6634 1.6628e-01    11.8751      8.681     12.590     6.3102 0.0000e+00
      8.850     -0.031    10.2789     83.067     30.021  18.799238     2.5902      7.161   307.4333 1.6647e-01    11.8638      8.675     12.583     6.3095 0.0000e+00
      8.850     -0.056    10.2710     83.006     30.011  18.792742     2.5599      7.163   307.4345 1.6307e-01    11.7605      8.679     12.589     6.3091 0.0000e+00
      8.846     -0.086    10.2696     82.931     30.000  18.785816     2.4850      7.166   307.5065 1.6165e-01    11.5144      8.682     12.592     6.3089 0.0000e+00
      8.823     -0.116    10.2677     82.835     29.988  18.778901     2.4339      7.168   307.5287 1.7451e-01    11.3134      8.661     12.562     6.3086 0.0000e+00
      8.779     -0.144    10.2581     82.750     29.977  18.772527     2.4162      7.170   307.4449 1.9112e-01    11.2420      8.613     12.492     6.3081 0.0000e+00
      8.724     -0.166    10.2519     82.696     29.976  18.772144     2.4123      7.171   307.2674 2.0201e-01    10.7886      8.554     12.407     6.3078 0.0000e+00
      8.670     -0.181    10.2441     82.661     29.978  18.774277     2.4203      7.172   307.1044 2.1809e-01     9.8286      8.498     12.327     6.3081 0.0000e+00
      8.623     -0.182    10.2291     82.639     30.016  18.798322     2.4122      7.174   307.1076 2.3496e-01     9.2333      8.452     12.260     6.3084 0.0000e+00
      8.582     -0.169    10.2176     82.645     30.033  18.809267     2.4066      7.174   307.1341 2.4841e-01     9.1589      8.417     12.208     6.3093 0.0000e+00
      8.537     -0.147    10.2114     82.669     29.985  18.779822     2.4182      7.174   306.9950 2.6139e-01     9.1679      8.375     12.147     6.3106 0.0000e+00
      8.490     -0.122    10.2081     82.680     29.952  18.759293     2.4364      7.174   306.7162 2.6949e-01     9.2734      8.321     12.068     6.3116 0.0000e+00
      8.455     -0.097    10.2030     82.677     29.940  18.751251     2.4600      7.175   306.4306 2.7574e-01     9.4786      8.282     12.012     6.3124 0.0000e+00
      8.442     -0.074    10.2043     82.642     29.933  18.745993     2.4708      7.175   306.3806 2.8059e-01     9.5990      8.276     12.002     6.3131 0.0000e+00
      8.439     -0.051    10.2097     82.557     29.955  18.759121     2.4837      7.174   306.4560 2.8292e-01     9.6366      8.277     12.006     6.3139 0.0000e+00
      8.435     -0.030    10.2095     82.481     29.995  18.783173     2.5332      7.172   306.3964 2.7905e-01     9.5911      8.273     12.000     6.3142 0.0000e+00
      8.425     -0.016    10.2099     82.441     29.996  18.783211     2.6037      7.170   306.2618 2.7543e-01     9.4596      8.263     11.984     6.3135 0.0000e+00
      8.416     -0.010    10.2094     82.373     29.959  18.759577     2.6438      7.169   306.1197 2.7545e-01     9.4456      8.250     11.965     6.3120 0.0000e+00
      8.415     -0.006    10.1947     82.265     29.946  18.751003     2.6441      7.169   305.9684 2.6866e-01     9.4910      8.248     11.963     6.3105 0.0000e+00
      8.420     -0.001    10.1823     82.169     29.934  18.742943     2.6405      7.169   305.8947 2.6654e-01     9.0525      8.258     11.978     6.3092 0.0000e+00
