Data/DataNotYetUploadedToEDI/Raw_CTD/RawDownloads/030524_fcr50_S7809002.cnv
* Sea-Bird SBE19plus  Data File:
* FileName = C:\R\Reservoirs\Data\DataNotYetUploadedToEDI\Raw_CTD\RawDownloads\030524_bvr50_S7809_0002.hex
* Software version 2.8.0.119
* Temperature SN = 7809
* Conductivity SN = 7809
* System UpLoad Time = Mar 06 2024 14:19:24
* <ApplicationData>
* <Seaterm232>
# nquan = 15
# nvalues = 2458                        
# units = specified
# name 0 = depFM: Depth [fresh water, m]
# name 1 = dz/dtM: Descent Rate [m/s]
# name 2 = sbeox0Mg/L: Oxygen, SBE 43 [mg/l]
# name 3 = sbeox0PS: Oxygen, SBE 43 [% saturation]
# name 4 = specc: Specific Conductance [uS/cm]
# name 5 = c0uS/cm: Conductivity [uS/cm]
# name 6 = flECO-AFL: Fluorescence, WET Labs ECO-AFL/FL [mg/m^3]
# name 7 = ph: pH
# name 8 = orp: Oxidation Reduction Potential [mV]
# name 9 = par/sat/log: PAR/Logarithmic, Satlantic
# name 10 = turbWETntu0: Turbidity, WET Labs ECO [NTU]
# name 11 = prdM: Pressure, Strain Gauge [db]
# name 12 = prdE: Pressure, Strain Gauge [psi]
# name 13 = tv290C: Temperature [ITS-90, deg C]
# name 14 = flag:  0.000e+00
# span 0 =     -0.656,      9.804       
# span 1 =     -0.333,      4.594       
# span 2 =    -1.3919,    12.8523       
# span 3 =    -11.108,    113.002       
# span 4 =      0.670,    531.539       
# span 5 =   0.608590, 339.674792       
# span 6 =    -0.2392,    16.5910       
# span 7 =      4.821,      7.532       
# span 8 =  -159.0117,  1159.1928       
# span 9 = 1.2358e-01, 1.0860e+03       
# span 10 =    -7.5135,   188.0058      
# span 11 =     -0.644,      9.616      
# span 12 =     -0.933,     13.947      
# span 13 =     6.6848,    20.3748      
# span 14 = 0.0000e+00, 0.0000e+00      
# interval = seconds: 0.25
# start_time = Mar 05 2024 13:46:23 [Instrument's time stamp, header]
# bad_flag = -9.990e-29
*END*
[from data line 2217]
      5.237     -0.085    11.3761     92.966     38.113  24.169266     8.7656      7.515   249.5855 1.5229e+00     7.4657      5.125      7.433     6.7085 0.0000e+00
      5.230     -0.048    11.3659     92.973     38.078  24.145610     8.7848      7.515   250.0238 1.5021e+00     7.5026      5.121      7.428     6.7087 0.0000e+00
      5.240     -0.017    11.3684     93.003     38.088  24.150642     8.7928      7.514   249.6701 1.4838e+00     7.4936      5.141      7.457     6.7084 0.0000e+00
      5.249      0.005    11.3702     93.023     38.116  24.166691     8.9130      7.514   248.4924 1.4888e+00     7.3903      5.150      7.469     6.7077 0.0000e+00
      5.251      0.016    11.3649     93.042     38.090  24.149396     9.1480      7.514   248.0014 1.4921e+00     7.2786      5.149      7.468     6.7061 0.0000e+00
      5.252      0.017    11.3670     93.070     38.063  24.131776     9.2782      7.514   248.2081 1.4839e+00     7.2703      5.150      7.469     6.7040 0.0000e+00
      5.255      0.014    11.3737     93.095     38.083  24.143900     9.3055      7.514   248.4099 1.4721e+00     7.2905      5.150      7.471     6.7020 0.0000e+00
      5.262      0.012    11.3757     93.090     38.124  24.169153     9.3110      7.515   248.8931 1.4563e+00     7.2489      5.160      7.484     6.7001 0.0000e+00
      5.267      0.010    11.3772     93.054     38.148  24.183443     9.3033      7.515   249.6631 1.4377e+00     7.2464      5.168      7.495     6.6987 0.0000e+00
      5.269      0.008    11.3827     93.031     38.158  24.189845     9.3048      7.514   249.8039 1.4292e+00     7.2944      5.167      7.495     6.6977 0.0000e+00
      5.269      0.005    11.3859     93.028     38.148  24.183146     9.2954      7.513   249.3045 1.4290e+00     7.2824      5.167      7.494     6.6968 0.0000e+00
      5.268     -0.002    11.3877     93.039     38.121  24.165861     9.2727      7.512   248.9600 1.4158e+00     7.2034      5.167      7.495     6.6965 0.0000e+00
      5.268     -0.017    11.3790     93.104     38.130  24.171103     9.2474      7.512   248.8216 1.3974e+00     7.0904      5.165      7.492     6.6958 0.0000e+00
      5.269     -0.044    11.3762     93.181     38.149  24.183114     9.2390      7.514   248.7496 1.3908e+00     7.0441      5.167      7.494     6.6950 0.0000e+00
      5.269     -0.082    11.3795     93.215     38.149  24.184248     9.2209      7.516   248.8634 1.3968e+00     7.0869      5.171      7.500     6.6944 0.0000e+00
      5.255     -0.121    11.3747     93.240     38.149  24.184814     8.8629      7.516   249.2517 1.4444e+00     6.9250      5.164      7.490     6.6939 0.0000e+00
      5.214     -0.150    11.3864     93.263     38.154  24.189967     8.1895      7.516   250.1756 1.5625e+00     6.5212      5.124      7.432     6.6937 0.0000e+00
      5.148     -0.161    11.4008     93.248     38.141  24.183145     7.8291      7.512   251.2577 1.7250e+00     6.3042      5.049      7.323     6.6940 0.0000e+00
      5.077     -0.153    11.4000     93.230     38.113  24.165736     7.8339      7.507   251.5799 1.8667e+00     6.3171      4.972      7.211     6.6947 0.0000e+00
      5.025     -0.131    11.4016     93.217     38.119  24.169731     8.0979      7.502   251.4039 1.9466e+00     6.3355      4.917      7.131     6.6965 0.0000e+00
      5.002     -0.101    11.4096     93.170     38.118  24.168030     8.5572      7.500   251.1092 1.9625e+00     6.3206      4.896      7.100     6.6988 0.0000e+00
      5.003     -0.078    11.4018     93.127     38.083  24.145168     8.7925      7.501   250.6832 1.9519e+00     6.2742      4.906      7.114     6.7010 0.0000e+00
      5.008     -0.069    11.3987     93.117     38.086  24.146973     8.8124      7.504   250.4702 1.9649e+00     6.2872      4.916      7.129     6.7021 0.0000e+00
      5.001     -0.075    11.4028     93.134     38.153  24.189854     8.8143      7.506   251.2006 2.0224e+00     6.3077      4.910      7.121     6.7015 0.0000e+00
      4.977     -0.088    11.3922     93.164     38.199  24.219728     8.7326      7.509   252.7172 2.1407e+00     6.0776      4.887      7.088     6.7001 0.0000e+00
      4.937     -0.101    11.3868     93.192     38.154  24.191102     8.5740      7.510   253.6647 2.2937e+00     5.6564      4.843      7.024     6.6990 0.0000e+00
      4.894     -0.109    11.3863     93.209     38.106  24.160818     8.4772      7.509   253.8792 2.4136e+00     5.3822      4.794      6.954     6.6990 0.0000e+00
      4.862     -0.112    11.3886     93.207     38.122  24.170648     8.4777      7.508   253.5912 2.4887e+00     5.3245      4.762      6.907     6.6996 0.0000e+00
      4.845     -0.111    11.3932     93.194     38.142  24.183123     8.5891      7.508   253.0211 2.5613e+00     5.2659      4.752      6.892     6.7004 0.0000e+00
      4.828     -0.107    11.3964     93.175     38.145  24.184823     8.7753      7.509   252.9226 2.6720e+00     5.1514      4.740      6.875     6.7007 0.0000e+00
      4.801     -0.107    11.3996     93.139     38.154  24.191205     8.8728      7.510   253.5197 2.8240e+00     5.1021      4.711      6.833     6.7002 0.0000e+00
      4.767     -0.115    11.3985     93.096     38.163  24.196875     8.8863      7.511   254.3901 2.9963e+00     5.1137      4.675      6.780     6.6998 0.0000e+00
      4.735     -0.127    11.3963     93.075     38.151  24.189958     8.8958      7.513   254.9283 3.1647e+00     5.0535      4.640      6.731     6.6995 0.0000e+00
      4.705     -0.137    11.3952     93.076     38.120  24.170986     8.8969      7.515   255.1227 3.3377e+00     4.8518      4.615      6.694     6.6998 0.0000e+00
      4.672     -0.140    11.3905     93.094     38.098  24.157735     8.8907      7.518   255.1921 3.5460e+00     4.6912      4.587      6.651     6.7005 0.0000e+00
      4.631     -0.135    11.3827     93.109     38.095  24.156573     8.8793      7.520   255.0795 3.7696e+00     4.7163      4.542      6.587     6.7005 0.0000e+00
      4.587     -0.125    11.3814     93.125     38.095  24.156940     8.8088      7.520   254.8795 3.9820e+00     5.1215      4.494      6.519     6.7007 0.0000e+00
      4.550     -0.108    11.3804     93.170     38.104  24.162181     8.6877      7.521   254.9242 4.1662e+00     5.7988      4.458      6.466     6.7019 0.0000e+00
      4.523     -0.086    11.3834     93.211     38.097  24.156520     8.6222      7.521   255.1908 4.3071e+00     6.1080      4.434      6.429     6.7034 0.0000e+00
      4.507     -0.063    11.3863     93.219     38.091  24.151908     8.6161      7.519   255.5219 4.3891e+00     6.0931      4.416      6.405     6.7045 0.0000e+00
      4.499     -0.041    11.3833     93.204     38.121  24.169823     8.6971      7.517   255.9164 4.4136e+00     6.1994      4.410      6.396     6.7048 0.0000e+00
      4.498     -0.024    11.3932     93.164     38.143  24.182883     8.8608      7.517   256.3466 4.4457e+00     6.3683      4.412      6.398     6.7040 0.0000e+00
      4.495     -0.013    11.4001     93.126     38.144  24.182988     8.9474      7.516   256.7654 4.5018e+00     6.3928      4.409      6.395     6.7025 0.0000e+00
      4.491     -0.008    11.3992     93.103     38.126  24.171089     8.9460      7.514   257.0221 4.5353e+00     6.3253      4.404      6.387     6.7012 0.0000e+00
      4.490     -0.005    11.3999     93.067     38.118  24.165849     8.9520      7.514   256.6975 4.5543e+00     6.3023      4.403      6.386     6.6999 0.0000e+00
      4.490     -0.004    11.3928     93.032     38.145  24.183040     9.1438      7.514   256.0240 4.5745e+00     6.3885      4.404      6.387     6.6990 0.0000e+00
      4.490     -0.002    11.3867     93.032     38.154  24.188700     9.5093      7.513   255.9333 4.5787e+00     6.5475      4.403      6.386     6.6983 0.0000e+00
      4.489     -0.001    11.3878     93.041     38.127  24.170872     9.6927      7.513   256.2036 4.5673e+00     6.6197      4.402      6.385     6.6974 0.0000e+00
      4.489     -0.000    11.3826     93.055     38.107  24.157731     9.6712      7.513   256.3676 4.5561e+00     6.6117      4.402      6.384     6.6971 0.0000e+00
      4.489     -0.000    11.3743     93.103     38.106  24.156645     9.5581      7.513   256.7967 4.5391e+00     6.7927      4.402      6.384     6.6972 0.0000e+00
      4.489     -0.002    11.3776     93.148     38.108  24.157741     9.3649      7.513   257.4342 4.5162e+00     7.1347      4.402      6.385     6.6971 0.0000e+00
      4.490     -0.008    11.3802     93.173     38.129  24.170976     9.2499      7.513   257.7094 4.5028e+00     7.2626      4.403      6.386     6.6965 0.0000e+00
      4.490     -0.018    11.3770     93.200     38.158  24.189843     9.2411      7.512   256.9407 4.4928e+00     7.2453      4.404      6.387     6.6957 0.0000e+00
      4.488     -0.034    11.3877     93.216     38.167  24.195607     9.3411      7.512   255.4531 4.4952e+00     7.3356      4.404      6.387     6.6951 0.0000e+00
      4.481     -0.056    11.3943     93.224     38.138  24.177254     9.5359      7.513   254.6067 4.5541e+00     7.4664      4.398      6.378     6.6946 0.0000e+00
      4.466     -0.085    11.3939     93.236     38.107  24.158188     9.6406      7.515   254.4508 4.6846e+00     7.4949      4.383      6.356     6.6945 0.0000e+00
      4.443     -0.120    11.4001     93.240     38.102  24.155325     9.6082      7.518   254.6868 4.8853e+00     7.4409      4.361      6.325     6.6951 0.0000e+00
      4.409     -0.156    11.4009     93.214     38.081  24.142641     9.2768      7.520   255.2227 5.1640e+00     7.1901      4.329      6.278     6.6954 0.0000e+00
      4.364     -0.184    11.4009     93.178     38.062  24.131669     8.6887      7.520   255.5105 5.5100e+00     6.7164      4.284      6.213     6.6951 0.0000e+00
      4.306     -0.194    11.4031     93.176     38.087  24.149496     8.3646      7.519   255.4130 5.9308e+00     6.4282      4.227      6.130     6.6954 0.0000e+00
      4.239     -0.184    11.4050     93.200     38.114  24.167934     8.3216      7.516   255.0770 6.4295e+00     6.3694      4.159      6.032     6.6963 0.0000e+00
      4.173     -0.158    11.4009     93.213     38.108  24.164351     8.3106      7.512   254.8889 6.8679e+00     6.3132      4.084      5.924     6.6973 0.0000e+00
      4.126     -0.121    11.3923     93.221     38.116  24.169592     8.4637      7.507   255.0311 7.0559e+00     6.1577      4.033      5.849     6.6992 0.0000e+00
      4.111     -0.080    11.3921     93.231     38.114  24.167892     8.7667      7.503   255.2480 7.0390e+00     5.8897      4.024      5.837     6.7016 0.0000e+00
      4.113     -0.042    11.3978     93.235     38.077  24.143792     8.9280      7.499   255.4458 6.9954e+00     5.6694      4.035      5.852     6.7037 0.0000e+00
      4.118     -0.015    11.3978     93.244     38.059  24.131877     8.9405      7.496   255.6168 6.9859e+00     5.5438      4.039      5.858     6.7040 0.0000e+00
      4.119     -0.005    11.3980     93.284     38.090  24.150649     8.9928      7.494   256.0247 7.0003e+00     5.4983      4.039      5.859     6.7037 0.0000e+00
      4.119     -0.019    11.4009     93.320     38.137  24.180524     9.1031      7.494   256.5059 7.0387e+00     5.5639      4.041      5.861     6.7033 0.0000e+00
      4.119     -0.052    11.4010     93.315     38.131  24.176006     9.1746      7.496   256.4453 7.0856e+00     5.6877      4.040      5.860     6.7027 0.0000e+00
      4.116     -0.097    11.3998     93.304     38.105  24.159444     9.1581      7.500   256.3237 7.2096e+00     5.7304      4.042      5.862     6.7016 0.0000e+00
      4.097     -0.146    11.4071     93.300     38.121  24.170521     8.8536      7.504   256.4984 7.6101e+00     5.5679      4.031      5.845     6.7005 0.0000e+00
      4.049     -0.189    11.4156     93.295     38.139  24.183110     8.3063      7.508   256.5783 8.3467e+00     5.3291      3.980      5.773     6.6998 0.0000e+00
      3.976     -0.215    11.4110     93.308     38.139  24.184820     8.0174      7.510   256.6873 9.2822e+00     5.1999      3.900      5.658     6.6996 0.0000e+00
      3.895     -0.216    11.4090     93.342     38.147  24.191202     8.0156      7.509   257.5586 1.0276e+01     5.1674      3.817      5.536     6.6999 0.0000e+00
      3.820     -0.191    11.4106     93.376     38.155  24.196863     8.2261      7.505   258.6810 1.1182e+01     5.1068      3.740      5.423     6.7009 0.0000e+00
      3.765     -0.149    11.4067     93.404     38.144  24.189852     8.6246      7.503   258.8151 1.1727e+01     5.0136      3.679      5.337     6.7024 0.0000e+00
      3.741     -0.100    11.4079     93.414     38.114  24.169841     8.8551      7.503   258.4911 1.1799e+01     4.9962      3.659      5.306     6.7044 0.0000e+00
      3.742     -0.059    11.4139     93.409     38.077  24.145166     8.8899      7.506   258.4631 1.1707e+01     4.9307      3.669      5.321     6.7060 0.0000e+00
      3.748     -0.037    11.4159     93.370     38.078  24.145166     8.9378      7.510   258.3053 1.1768e+01     4.7002      3.680      5.338     6.7069 0.0000e+00
      3.748     -0.043    11.4222     93.295     38.118  24.169842     9.0176      7.514   257.8738 1.1920e+01     4.4987      3.677      5.333     6.7065 0.0000e+00
      3.743     -0.078    11.4219     93.215     38.150  24.189867     9.0647      7.517   258.1503 1.2058e+01     4.4752      3.671      5.325     6.7051 0.0000e+00
      3.732     -0.130    11.4233     93.128     38.160  24.197034     9.0738      7.520   259.1530 1.2473e+01     4.4842      3.668      5.321     6.7039 0.0000e+00
      3.700     -0.183    11.4200     93.054     38.152  24.193087     9.0616      7.522   259.7594 1.3481e+01     4.4373      3.641      5.282     6.7030 0.0000e+00
      3.637     -0.222    11.4064     93.020     38.169  24.205562     8.9003      7.523   259.9757 1.5051e+01     4.4543      3.576      5.186     6.7025 0.0000e+00
      3.550     -0.238    11.4001     93.017     38.191  24.221034     8.6298      7.522   260.2195 1.6928e+01     4.5868      3.481      5.050     6.7024 0.0000e+00
      3.459     -0.229    11.3868     93.041     38.141  24.189912     8.5126      7.518   260.2971 1.8710e+01     4.7078      3.384      4.908     6.7033 0.0000e+00
      3.385     -0.195    11.3755     93.093     38.073  24.146348     8.5326      7.514   260.2265 1.9939e+01     4.7217      3.308      4.797     6.7047 0.0000e+00
      3.342     -0.144    11.3724     93.175     38.061  24.138229     8.7545      7.510   260.4836 2.0429e+01     4.7889      3.267      4.739     6.7068 0.0000e+00
      3.326     -0.089    11.3711     93.278     38.089  24.155159     9.1905      7.509   261.0834 2.0476e+01     4.9734      3.259      4.727     6.7091 0.0000e+00
      3.325     -0.042    11.3736     93.373     38.099  24.160797     9.4510      7.509   261.5411 2.0435e+01     5.1083      3.261      4.729     6.7104 0.0000e+00
      3.328     -0.011    11.3797     93.425     38.071  24.142967     9.4985      7.509   261.7156 2.0341e+01     5.1906      3.262      4.731     6.7099 0.0000e+00
      3.333      0.004    11.3912     93.469     38.051  24.129830     9.5983      7.509   261.9035 2.0218e+01     5.2849      3.268      4.741     6.7083 0.0000e+00
      3.338      0.008    11.4042     93.520     38.049  24.128791     9.7669      7.510   262.2637 2.0170e+01     5.3599      3.274      4.751     6.7071 0.0000e+00
      3.340      0.004    11.4204     93.556     38.052  24.130407     9.8560      7.510   262.5428 2.0191e+01     5.4145      3.275      4.752     6.7064 0.0000e+00
      3.339     -0.009    11.4230     93.601     38.082  24.149370     9.8597      7.510   262.1818 2.0251e+01     5.4329      3.276      4.751     6.7058 0.0000e+00
      3.338     -0.036    11.4263     93.620     38.111  24.167817     9.6952      7.511   261.5120 2.0269e+01     5.2741      3.275      4.748     6.7057 0.0000e+00
