Data/DataNotYetUploadedToEDI/Raw_CTD/RawDownloads/030524_bvr50_S7809001.cnv
* Sea-Bird SBE19plus  Data File:
* FileName = C:\R\Reservoirs\Data\DataNotYetUploadedToEDI\Raw_CTD\RawDownloads\030524_bvr50_S7809_0001.hex
* Software version 2.8.0.119
* Temperature SN = 7809
* Conductivity SN = 7809
* System UpLoad Time = Mar 06 2024 14:18:21
* <ApplicationData>
* <Seaterm232>
# nquan = 15
# nvalues = 1796                        
# units = specified
# name 0 = depFM: Depth [fresh water, m]
# name 1 = dz/dtM: Descent Rate [m/s]
# name 2 = sbeox0Mg/L: Oxygen, SBE 43 [mg/l]
# name 3 = sbeox0PS: Oxygen, SBE 43 [% saturation]
# name 4 = specc: Specific Conductance [uS/cm]
# name 5 = c0uS/cm: Conductivity [uS/cm]
# name 6 = flECO-AFL: Fluorescence, WET Labs ECO-AFL/FL [mg/m^3]
# name 7 = ph: pH
# name 8 = orp: Oxidation Reduction Potential [mV]
# name 9 = par/sat/log: PAR/Logarithmic, Satlantic
# name 10 = turbWETntu0: Turbidity, WET Labs ECO [NTU]
# name 11 = prdM: Pressure, Strain Gauge [db]
# name 12 = prdE: Pressure, Strain Gauge [psi]
# name 13 = tv290C: Temperature [ITS-90, deg C]
# name 14 = flag:  0.000e+00
# span 0 =     -0.697,      9.780       
# span 1 =     -0.367,      0.348       
# span 2 =     7.2259,    11.7793       
# span 3 =     59.143,    104.281       
# span 4 =      5.516,    218.468       
# span 5 =   3.485129, 154.193383       
# span 6 =    -0.6353,   227.3295       
# span 7 =      6.880,      7.432       
# span 8 =   248.5298,   553.5475       
# span 9 = 1.2371e-01, 1.5678e+03       
# span 10 =    -4.2418,   161.9983      
# span 11 =     -0.685,      9.594      
# span 12 =     -0.993,     13.915      
# span 13 =     6.2950,    12.5266      
# span 14 = 0.0000e+00, 0.0000e+00      
# interval = seconds: 0.25
# start_time = Mar 05 2024 11:33:43 [Instrument's time stamp, header]
# bad_flag = -9.990e-29
*END*
[from data line 1061]
      7.465      0.033    10.3050     83.648     29.946  18.754122     2.7900      7.122   311.6201 6.8775e-01     6.1705      7.320     10.617     6.3125 0.0000e+00
      7.472      0.039    10.3134     83.585     29.958  18.761029     2.9164      7.122   311.4950 6.8405e-01     6.2101      7.326     10.626     6.3120 0.0000e+00
      7.483      0.044    10.3192     83.547     29.913  18.732822     3.1426      7.122   311.4430 6.8553e-01     6.2726      7.336     10.640     6.3121 0.0000e+00
      7.499      0.049    10.3337     83.527     29.909  18.730068     3.2695      7.123   311.4218 6.7861e-01     6.3456      7.354     10.665     6.3116 0.0000e+00
      7.516      0.053    10.3350     83.497     29.906  18.727731     3.3023      7.123   311.4104 6.6379e-01     6.4095      7.373     10.693     6.3114 0.0000e+00
      7.530      0.054    10.3176     83.469     29.870  18.704564     3.3561      7.123   311.5635 6.5410e-01     6.3964      7.385     10.711     6.3112 0.0000e+00
      7.541      0.052    10.3174     83.458     29.869  18.703557     3.4202      7.124   311.8102 6.5321e-01     6.3578      7.393     10.724     6.3107 0.0000e+00
      7.554      0.049    10.3162     83.482     29.889  18.715550     3.4533      7.124   311.8979 6.5521e-01     6.3872      7.407     10.743     6.3101 0.0000e+00
      7.568      0.044    10.3111     83.544     29.900  18.722773     3.4565      7.123   311.7632 6.4518e-01     6.4106      7.422     10.765     6.3091 0.0000e+00
      7.581      0.040    10.3079     83.614     29.908  18.727488     3.3502      7.123   311.5591 6.3394e-01     6.3321      7.435     10.783     6.3082 0.0000e+00
      7.591      0.038    10.3058     83.667     29.879  18.709157     3.1337      7.124   311.4944 6.2977e-01     6.1893      7.445     10.798     6.3076 0.0000e+00
      7.598      0.036    10.3082     83.725     29.851  18.691333     3.0113      7.125   311.4972 6.2337e-01     6.1186      7.452     10.808     6.3072 0.0000e+00
      7.603      0.035    10.3173     83.801     29.868  18.702185     3.0024      7.125   311.5068 6.1497e-01     6.1268      7.455     10.812     6.3071 0.0000e+00
      7.611      0.035    10.3288     83.876     29.886  18.713570     3.0014      7.125   311.5246 6.0450e-01     6.1178      7.461     10.822     6.3070 0.0000e+00
      7.621      0.036    10.3329     83.921     29.867  18.702185     2.9902      7.125   311.5400 6.0059e-01     6.0774      7.474     10.840     6.3066 0.0000e+00
      7.632      0.039    10.3392     83.910     29.848  18.691334     2.9841      7.125   311.6069 6.0370e-01     6.0838      7.485     10.857     6.3064 0.0000e+00
      7.642      0.040    10.3502     83.840     29.876  18.709167     2.9940      7.125   311.6450 5.9846e-01     6.1605      7.495     10.870     6.3067 0.0000e+00
      7.652      0.039    10.3598     83.710     29.905  18.727601     2.9930      7.125   311.6568 5.9218e-01     6.1843      7.504     10.883     6.3078 0.0000e+00
      7.663      0.036    10.3671     83.540     29.900  18.724020     2.9386      7.126   311.7495 5.9485e-01     6.1324      7.515     10.899     6.3087 0.0000e+00
      7.674      0.033    10.3651     83.393     29.909  18.729267     2.8533      7.127   311.8190 5.9290e-01     6.1146      7.527     10.917     6.3089 0.0000e+00
      7.682      0.030    10.3562     83.299     29.907  18.727657     2.8185      7.128   311.8096 5.8722e-01     6.1394      7.535     10.929     6.3092 0.0000e+00
      7.687      0.028    10.3408     83.228     29.871  18.704548     2.8342      7.127   311.7219 5.8652e-01     6.1584      7.539     10.935     6.3097 0.0000e+00
      7.692      0.026    10.3155     83.195     29.869  18.703452     2.8677      7.127   311.6188 5.9170e-01     6.2086      7.544     10.941     6.3098 0.0000e+00
      7.698      0.026    10.2949     83.214     29.887  18.714407     2.9157      7.127   311.6810 6.0006e-01     6.3022      7.549     10.949     6.3091 0.0000e+00
      7.704      0.027    10.2880     83.230     29.881  18.710207     2.9398      7.127   311.7865 5.9111e-01     6.3336      7.555     10.958     6.3081 0.0000e+00
      7.712      0.027    10.2774     83.190     29.891  18.716066     2.9432      7.128   311.8619 5.7216e-01     6.3155      7.562     10.968     6.3074 0.0000e+00
      7.721      0.027    10.2713     83.109     29.901  18.721838     2.9734      7.128   311.9044 5.6608e-01     6.3220      7.573     10.982     6.3069 0.0000e+00
      7.729      0.027    10.2779     83.037     29.892  18.716598     3.0142      7.128   311.9563 5.6381e-01     6.3100      7.583     10.998     6.3066 0.0000e+00
      7.734      0.028    10.2828     82.999     29.892  18.716114     3.0371      7.127   312.0598 5.6729e-01     6.3066      7.586     11.002     6.3064 0.0000e+00
      7.738      0.028    10.2773     83.025     29.892  18.715980     3.0584      7.126   312.0360 5.7506e-01     6.3496      7.586     11.003     6.3060 0.0000e+00
      7.745      0.029    10.2629     83.105     29.890  18.714980     3.0975      7.127   311.9273 5.6836e-01     6.3172      7.595     11.014     6.3057 0.0000e+00
      7.755      0.030    10.2556     83.225     29.872  18.704015     3.1440      7.128   311.9497 5.5908e-01     6.1886      7.606     11.032     6.3054 0.0000e+00
      7.764      0.033    10.2473     83.394     29.882  18.710207     3.1625      7.129   312.0484 5.5769e-01     6.0924      7.615     11.045     6.3053 0.0000e+00
      7.772      0.034    10.2521     83.539     29.908  18.726449     3.1707      7.130   312.0892 5.5517e-01     6.0768      7.621     11.053     6.3053 0.0000e+00
      7.780      0.033    10.2642     83.613     29.882  18.710196     3.1937      7.130   312.1848 5.4587e-01     6.1013      7.629     11.065     6.3051 0.0000e+00
      7.790      0.032    10.2745     83.651     29.872  18.703901     3.1993      7.129   312.2577 5.3456e-01     6.0815      7.640     11.080     6.3049 0.0000e+00
      7.799      0.031    10.3021     83.668     29.888  18.713721     3.1798      7.129   312.1956 5.3440e-01     6.0427      7.648     11.093     6.3048 0.0000e+00
      7.806      0.030    10.3223     83.624     29.870  18.702137     3.1665      7.129   312.1229 5.3630e-01     6.0759      7.655     11.103     6.3048 0.0000e+00
      7.814      0.029    10.3281     83.494     29.852  18.690640     3.1790      7.130   312.1531 5.2645e-01     6.1410      7.663     11.115     6.3048 0.0000e+00
      7.821      0.029    10.3317     83.320     29.869  18.701508     3.2233      7.129   312.2166 5.2109e-01     6.1475      7.670     11.125     6.3046 0.0000e+00
      7.826      0.030    10.3368     83.175     29.877  18.706747     3.2856      7.129   312.2025 5.2353e-01     6.1204      7.674     11.132     6.3045 0.0000e+00
      7.833      0.031    10.3333     83.083     29.851  18.690580     3.3251      7.129   312.2395 5.1386e-01     6.1208      7.680     11.139     6.3044 0.0000e+00
      7.843      0.032    10.3146     83.011     29.859  18.696239     3.3336      7.128   312.3203 4.9765e-01     6.1524      7.691     11.154     6.3044 0.0000e+00
      7.853      0.033    10.2894     82.942     29.884  18.711768     3.2808      7.128   312.3196 4.8920e-01     6.2292      7.703     11.172     6.3042 0.0000e+00
      7.861      0.033    10.2696     82.901     29.845  18.688133     3.1698      7.129   312.3167 4.9015e-01     6.2982      7.709     11.181     6.3043 0.0000e+00
      7.868      0.033    10.2616     82.892     29.805  18.664078     3.1147      7.129   312.2854 4.9548e-01     6.3377      7.715     11.190     6.3049 0.0000e+00
      7.878      0.032    10.2529     82.876     29.820  18.674518     3.1231      7.129   312.1994 4.9637e-01     6.3987      7.725     11.205     6.3056 0.0000e+00
      7.886      0.031    10.2428     82.836     29.842  18.687560     3.1214      7.129   312.1371 4.9177e-01     6.4207      7.734     11.217     6.3060 0.0000e+00
      7.893      0.030    10.2360     82.800     29.855  18.694971     3.1102      7.129   312.1349 4.8505e-01     6.3642      7.740     11.226     6.3066 0.0000e+00
      7.900      0.026    10.2381     82.825     29.865  18.700724     3.1043      7.130   312.1726 4.8117e-01     6.2969      7.747     11.237     6.3090 0.0000e+00
      7.909      0.021    10.2360     82.924     29.855  18.693722     3.1166      7.130   312.1624 4.8209e-01     6.2900      7.757     11.251     6.3109 0.0000e+00
      7.916      0.017    10.2298     83.044     29.823  18.673708     3.1680      7.130   312.0982 4.8264e-01     6.2808      7.765     11.261     6.3102 0.0000e+00
      7.919      0.015    10.2235     83.174     29.783  18.648931     3.2184      7.130   312.0837 4.8091e-01     6.1857      7.768     11.265     6.3086 0.0000e+00
      7.919      0.014    10.2233     83.294     29.781  18.647740     3.2261      7.130   312.1597 4.8197e-01     6.1303      7.766     11.263     6.3073 0.0000e+00
      7.918      0.014    10.2434     83.382     29.799  18.659305     3.2273      7.130   312.2428 4.9322e-01     6.1576      7.763     11.260     6.3063 0.0000e+00
      7.922      0.015    10.2550     83.445     29.804  18.661963     3.2337      7.131   312.3133 4.9717e-01     6.1396      7.768     11.266     6.3056 0.0000e+00
      7.929      0.018    10.2727     83.460     29.832  18.679882     3.2029      7.132   312.3248 4.8701e-01     6.1528      7.777     11.279     6.3060 0.0000e+00
      7.935      0.022    10.2900     83.441     29.841  18.685758     3.1467      7.132   312.2950 4.8397e-01     6.2824      7.784     11.288     6.3067 0.0000e+00
      7.941      0.024    10.2973     83.433     29.815  18.669622     3.1110      7.131   312.2970 4.8398e-01     6.3754      7.787     11.294     6.3065 0.0000e+00
      7.947      0.024    10.3098     83.449     29.824  18.674976     3.1048      7.130   312.2633 4.7908e-01     6.3885      7.793     11.303     6.3062 0.0000e+00
      7.953      0.025    10.3090     83.463     29.844  18.687094     3.1130      7.131   312.2319 4.6638e-01     6.3042      7.800     11.312     6.3067 0.0000e+00
      7.959      0.026    10.3046     83.478     29.848  18.689334     3.1108      7.131   312.2610 4.5404e-01     6.1421      7.806     11.320     6.3076 0.0000e+00
      7.965      0.027    10.3023     83.495     29.868  18.702060     3.1117      7.131   312.3573 4.5564e-01     6.1015      7.811     11.328     6.3075 0.0000e+00
      7.972      0.027    10.3073     83.475     29.887  18.714169     3.1314      7.131   312.4499 4.5745e-01     6.1556      7.817     11.338     6.3068 0.0000e+00
      7.981      0.026    10.3086     83.411     29.879  18.708939     3.1824      7.131   312.3483 4.6261e-01     6.1810      7.826     11.352     6.3063 0.0000e+00
      7.990      0.023    10.3085     83.344     29.868  18.702232     3.2541      7.132   312.1615 4.6738e-01     6.1694      7.836     11.365     6.3062 0.0000e+00
      7.995      0.020    10.3149     83.309     29.858  18.696467     3.2821      7.133   312.0846 4.5367e-01     6.1182      7.841     11.374     6.3063 0.0000e+00
      7.998      0.017    10.3117     83.299     29.868  18.702641     3.2889      7.135   312.0206 4.4034e-01     6.1092      7.844     11.376     6.3060 0.0000e+00
      8.000      0.015    10.3023     83.291     29.884  18.713483     3.3861      7.136   311.9895 4.3088e-01     6.1962      7.846     11.379     6.3061 0.0000e+00
      8.002      0.015    10.2911     83.279     29.864  18.700750     3.5506      7.136   312.0528 4.2110e-01     6.2818      7.848     11.382     6.3066 0.0000e+00
      8.006      0.016    10.2877     83.289     29.821  18.675486     3.6289      7.135   312.0976 4.1891e-01     6.3244      7.850     11.386     6.3073 0.0000e+00
      8.011      0.017    10.2876     83.349     29.792  18.661620     3.6172      7.135   312.1008 4.2034e-01     6.3704      7.855     11.393     6.3081 0.0000e+00
      8.018      0.018    10.2870     83.434     29.782  18.659896     3.4584      7.136   312.0915 4.2227e-01     6.2915      7.864     11.404     6.3088 0.0000e+00
      8.023      0.020    10.2845     83.512     29.770  18.654646     3.1663      7.136   312.1575 4.2517e-01     6.0876      7.868     11.412     6.3090 0.0000e+00
      8.027      0.023    10.2824     83.573     29.781  18.661553     3.0067      7.136   312.2110 4.2817e-01     6.0231      7.871     11.417     6.3089 0.0000e+00
      8.031      0.025    10.2905     83.624     29.814  18.680005     2.9929      7.137   312.1350 4.2599e-01     6.0920      7.875     11.421     6.3167 0.0000e+00
      8.036      0.027    10.2996     83.660     29.832  18.687550     2.9994      7.137   312.0994 4.1892e-01     6.0996      7.878     11.427     6.3284 0.0000e+00
      8.045      0.029    10.3082     83.627     29.839  18.689371     3.0524      7.137   312.1249 4.0976e-01     6.0471      7.888     11.440     6.3315 0.0000e+00
      8.055      0.030    10.3167     83.522     29.863  18.702021     3.1514      7.137   312.0991 4.0463e-01     6.0385      7.901     11.459     6.3305 0.0000e+00
      8.065      0.029    10.3213     83.405     29.883  18.713711     3.2142      7.138   312.1315 4.1151e-01     6.0979      7.910     11.472     6.3268 0.0000e+00
      8.072      0.027    10.3333     83.303     29.869  18.703909     3.2289      7.138   312.1729 4.1471e-01     6.1851      7.916     11.481     6.3202 0.0000e+00
      8.078      0.023    10.3304     83.232     29.880  18.710301     3.1958      7.139   312.0827 4.0459e-01     6.2729      7.923     11.491     6.3150 0.0000e+00
      8.082      0.019    10.3132     83.182     29.908  18.727591     3.1144      7.139   312.0736 3.9121e-01     6.3047      7.927     11.497     6.3118 0.0000e+00
      8.086      0.017    10.3002     83.159     29.900  18.722772     3.0605      7.140   312.1490 3.8473e-01     6.2625      7.930     11.502     6.3103 0.0000e+00
      8.090      0.017    10.2853     83.170     29.887  18.715427     3.0519      7.140   312.2203 3.9333e-01     6.2746      7.934     11.509     6.3092 0.0000e+00
      8.093      0.018    10.2792     83.189     29.865  18.702184     2.9847      7.140   312.2478 3.9970e-01     6.2816      7.937     11.512     6.3077 0.0000e+00
      8.097      0.019    10.2722     83.182     29.844  18.689458     2.8472      7.139   312.1364 3.9920e-01     6.1758      7.939     11.515     6.3069 0.0000e+00
      8.103      0.019    10.2682     83.142     29.842  18.688352     2.7789      7.139   311.9921 4.0432e-01     6.1226      7.945     11.524     6.3074 0.0000e+00
      8.110      0.020    10.2713     83.097     29.843  18.688808     2.7923      7.139   311.9659 3.9934e-01     6.1505      7.954     11.535     6.3083 0.0000e+00
      8.116      0.023    10.2748     83.076     29.853  18.694973     2.8589      7.138   312.0781 3.8586e-01     6.2055      7.960     11.545     6.3097 0.0000e+00
      8.120      0.025    10.2748     83.083     29.862  18.699488     2.9603      7.138   312.2298 3.8278e-01     6.2759      7.963     11.549     6.3102 0.0000e+00
      8.125      0.026    10.2671     83.080     29.832  18.680006     3.0030      7.139   312.3374 3.8178e-01     6.2842      7.966     11.553     6.3100 0.0000e+00
      8.133      0.026    10.2616     83.065     29.784  18.649617     3.0006      7.140   312.3474 3.7443e-01     6.2721      7.975     11.566     6.3100 0.0000e+00
      8.143      0.025    10.2572     83.083     29.784  18.649045     3.0065      7.141   312.3494 3.6973e-01     6.2660      7.986     11.582     6.3094 0.0000e+00
      8.150      0.024    10.2617     83.130     29.821  18.673099     3.0071      7.141   312.3614 3.7019e-01     6.2102      7.994     11.595     6.3084 0.0000e+00
