Data/DataNotYetUploadedToEDI/Raw_CTD/RawDownloads/030524_fcr50_S7809002.cnv
* Sea-Bird SBE19plus  Data File:
* FileName = C:\R\Reservoirs\Data\DataNotYetUploadedToEDI\Raw_CTD\RawDownloads\030524_bvr50_S7809_0002.hex
* Software version 2.8.0.119
* Temperature SN = 7809
* Conductivity SN = 7809
* System UpLoad Time = Mar 06 2024 14:19:24
* <ApplicationData>
* <Seaterm232>
# nquan = 15
# nvalues = 2458                        
# units = specified
# name 0 = depFM: Depth [fresh water, m]
# name 1 = dz/dtM: Descent Rate [m/s]
# name 2 = sbeox0Mg/L: Oxygen, SBE 43 [mg/l]
# name 3 = sbeox0PS: Oxygen, SBE 43 [% saturation]
# name 4 = specc: Specific Conductance [uS/cm]
# name 5 = c0uS/cm: Conductivity [uS/cm]
# name 6 = flECO-AFL: Fluorescence, WET Labs ECO-AFL/FL [mg/m^3]
# name 7 = ph: pH
# name 8 = orp: Oxidation Reduction Potential [mV]
# name 9 = par/sat/log: PAR/Logarithmic, Satlantic
# name 10 = turbWETntu0: Turbidity, WET Labs ECO [NTU]
# name 11 = prdM: Pressure, Strain Gauge [db]
# name 12 = prdE: Pressure, Strain Gauge [psi]
# name 13 = tv290C: Temperature [ITS-90, deg C]
# name 14 = flag:  0.000e+00
# span 0 =     -0.656,      9.804       
# span 1 =     -0.333,      4.594       
# span 2 =    -1.3919,    12.8523       
# span 3 =    -11.108,    113.002       
# span 4 =      0.670,    531.539       
# span 5 =   0.608590, 339.674792       
# span 6 =    -0.2392,    16.5910       
# span 7 =      4.821,      7.532       
# span 8 =  -159.0117,  1159.1928       
# span 9 = 1.2358e-01, 1.0860e+03       
# span 10 =    -7.5135,   188.0058      
# span 11 =     -0.644,      9.616      
# span 12 =     -0.933,     13.947      
# span 13 =     6.6848,    20.3748      
# span 14 = 0.0000e+00, 0.0000e+00      
# interval = seconds: 0.25
# start_time = Mar 05 2024 13:46:23 [Instrument's time stamp, header]
# bad_flag = -9.990e-29
*END*
[from data line 772]
      1.010      0.028    12.2096    104.815     37.555  25.315279     6.6389      7.154   302.0084 3.4416e+02     3.3505      0.988      1.433     8.5792 0.0000e+00
      1.022      0.032    12.2098    104.787     37.515  25.300269     6.6720      7.156   302.0668 3.3361e+02     3.4681      1.000      1.450     8.5964 0.0000e+00
      1.037      0.034    12.2051    104.719     37.486  25.285087     6.6809      7.157   302.1821 3.2673e+02     3.4806      1.018      1.476     8.6290 0.0000e+00
      1.048      0.033    12.2083    104.606     37.446  25.258557     6.6799      7.157   302.1977 3.2281e+02     3.4678      1.031      1.495     8.6720 0.0000e+00
      1.054      0.029    12.2042    104.450     37.413  25.233170     6.7428      7.158   302.2548 3.2038e+02     3.5185      1.033      1.499     8.7095 0.0000e+00
      1.058      0.023    12.1928    104.295     37.413  25.231806     6.8584      7.159   302.1847 3.1810e+02     3.5460      1.038      1.505     8.7232 0.0000e+00
      1.063      0.017    12.1870    104.162     37.433  25.242071     6.9129      7.160   301.8664 3.1701e+02     3.5278      1.044      1.514     8.7226 0.0000e+00
      1.066      0.015    12.1728    104.086     37.428  25.230436     6.9106      7.162   301.8480 3.1466e+02     3.5034      1.045      1.516     8.7292 0.0000e+00
      1.069      0.016    12.1534    104.084     37.404  25.217960     6.9546      7.163   302.0495 3.1105e+02     3.5247      1.048      1.521     8.7186 0.0000e+00
      1.072      0.018    12.1378    104.088     37.379  25.218061     7.0456      7.162   302.1513 3.0883e+02     3.5801      1.052      1.526     8.7144 0.0000e+00
      1.076      0.019    12.1170    104.058     37.394  25.231680     7.0955      7.162   302.2180 3.0436e+02     3.5586      1.054      1.528     8.7263 0.0000e+00
      1.083      0.021    12.1150    104.025     37.441  25.255792     7.0914      7.163   302.3391 2.9797e+02     3.4697      1.061      1.539     8.6929 0.0000e+00
      1.090      0.023    12.1199    104.029     37.453  25.255905     7.0874      7.165   302.1534 2.9350e+02     3.4276      1.070      1.552     8.6956 0.0000e+00
      1.096      0.023    12.1068    104.049     37.442  25.233045     7.1566      7.165   301.6084 2.8940e+02     3.4588      1.075      1.560     8.7458 0.0000e+00
      1.101      0.023    12.1027    104.050     37.468  25.233047     7.2705      7.165   301.3419 2.8490e+02     3.5401      1.078      1.564     8.7420 0.0000e+00
      1.107      0.023    12.1029    104.053     37.509  25.255919     7.3075      7.166   301.3396 2.8099e+02     3.5568      1.085      1.574     8.7185 0.0000e+00
      1.113      0.024    12.1038    104.103     37.530  25.255911     7.3047      7.167   301.4942 2.7813e+02     3.4896      1.094      1.586     8.7218 0.0000e+00
      1.118      0.025    12.1160    104.213     37.570  25.232940     7.3531      7.168   301.7484 2.7454e+02     3.4787      1.096      1.590     8.6982 0.0000e+00
      1.122      0.025    12.1263    104.325     37.650  25.231801     7.4184      7.168   301.8327 2.6948e+02     3.4936      1.099      1.594     8.6566 0.0000e+00
      1.130      0.025    12.1217    104.378     37.705  25.242086     7.4444      7.168   301.6530 2.6464e+02     3.4989      1.108      1.607     8.6670 0.0000e+00
      1.140      0.025    12.1247    104.385     37.710  25.230428     7.4427      7.168   301.2966 2.6067e+02     3.5421      1.120      1.625     8.6724 0.0000e+00
      1.146      0.024    12.1663    104.360     37.717  25.217671     7.4559      7.169   301.0510 2.5755e+02     3.6407      1.125      1.632     8.5835 0.0000e+00
      1.151      0.023    12.2144    104.312     37.713  25.214655     7.4881      7.169   300.8350 2.5439e+02     3.7683      1.127      1.635     8.4812 0.0000e+00
      1.157      0.020    12.2217    104.276     37.643  25.193965     7.4992      7.170   300.7495 2.5105e+02     3.7873      1.135      1.647     8.4671 0.0000e+00
      1.163      0.018    12.2243    104.256     37.539  25.157787     7.4898      7.170   300.9626 2.4866e+02     3.7000      1.141      1.655     8.4603 0.0000e+00
      1.167      0.018    12.2354    104.261     37.514  25.157784     7.5406      7.171   301.0896 2.4716e+02     3.6014      1.144      1.660     8.4167 0.0000e+00
      1.170      0.019    12.2272    104.289     37.566  25.193948     7.6566      7.172   301.0800 2.4506e+02     3.5507      1.146      1.662     8.4119 0.0000e+00
      1.174      0.019    12.2115    104.295     37.608  25.214533     7.7268      7.173   301.0178 2.4302e+02     3.5650      1.150      1.668     8.4578 0.0000e+00
      1.180      0.020    12.1896    104.277     37.636  25.216405     7.7311      7.173   300.8539 2.4201e+02     3.5357      1.158      1.679     8.5198 0.0000e+00
      1.185      0.020    12.1840    104.251     37.650  25.216560     7.7257      7.173   300.7334 2.4084e+02     3.4699      1.162      1.685     8.5364 0.0000e+00
      1.192      0.019    12.1939    104.215     37.641  25.216409     7.8537      7.173   300.5933 2.3930e+02     3.4183      1.169      1.694     8.5300 0.0000e+00
      1.198      0.017    12.1923    104.179     37.632  25.214574     8.1207      7.173   300.4512 2.3886e+02     3.3553      1.176      1.706     8.5317 0.0000e+00
      1.201      0.015    12.2014    104.158     37.614  25.194380     8.2660      7.173   300.4773 2.3965e+02     3.3232      1.178      1.710     8.4927 0.0000e+00
      1.203      0.015    12.2035    104.138     37.577  25.162505     8.2703      7.174   300.9086 2.3978e+02     3.3037      1.179      1.709     8.4750 0.0000e+00
      1.205      0.015    12.1931    104.124     37.527  25.146256     8.2977      7.175   301.4509 2.3958e+02     3.3237      1.181      1.713     8.4980 0.0000e+00
      1.208      0.016    12.1838    104.131     37.449  25.124764     8.3561      7.175   301.3554 2.4068e+02     3.4293      1.183      1.718     8.5073 0.0000e+00
      1.213      0.017    12.1882    104.117     37.395  25.092935     8.3855      7.175   301.0444 2.4097e+02     3.5216      1.189      1.725     8.4905 0.0000e+00
      1.220      0.018    12.1941    104.097     37.413  25.078512     8.3780      7.175   300.9600 2.4007e+02     3.5514      1.197      1.736     8.4638 0.0000e+00
      1.226      0.019    12.1810    104.084     37.439  25.077191     8.3570      7.175   300.8518 2.4075e+02     3.4829      1.203      1.745     8.4890 0.0000e+00
      1.229      0.019    12.1670    104.009     37.430  25.076946     8.3404      7.176   300.8553 2.4103e+02     3.3409      1.205      1.747     8.5614 0.0000e+00
      1.232      0.018    12.1587    103.863     37.414  25.075554     8.3434      7.177   301.5181 2.3937e+02     3.2703      1.206      1.750     8.5726 0.0000e+00
      1.237      0.018    12.1746    103.756     37.399  25.060364     8.3517      7.177   302.4977 2.3833e+02     3.3123      1.213      1.760     8.5051 0.0000e+00
      1.243      0.018    12.1880    103.722     37.368  25.020123     8.3239      7.178   302.8048 2.3859e+02     3.4044      1.220      1.771     8.4712 0.0000e+00
      1.247      0.020    12.1746    103.712     37.345  24.969488     8.2826      7.179   302.6504 2.3956e+02     3.4958      1.221      1.773     8.4959 0.0000e+00
      1.250      0.022    12.1416    103.707     37.406  24.955457     8.2850      7.180   302.3516 2.4063e+02     3.5632      1.226      1.778     8.5181 0.0000e+00
      1.255      0.024    12.1308    103.679     37.508  24.977255     8.3033      7.180   301.9458 2.3999e+02     3.5710      1.231      1.785     8.5088 0.0000e+00
      1.262      0.028    12.1410    103.635     37.547  24.979325     8.3365      7.179   301.6153 2.3740e+02     3.5904      1.236      1.793     8.4800 0.0000e+00
      1.270      0.033    12.1469    103.616     37.594  24.980470     8.3951      7.178   301.8840 2.3585e+02     3.6607      1.247      1.808     8.4468 0.0000e+00
      1.279      0.036    12.1786    103.618     37.666  24.991070     8.4212      7.178   302.9577 2.3493e+02     3.7027      1.253      1.817     8.3502 0.0000e+00
      1.289      0.037    12.1972    103.612     37.685  24.980602     8.4269      7.178   303.6692 2.3222e+02     3.7570      1.263      1.830     8.2717 0.0000e+00
      1.303      0.036    12.1890    103.616     37.685  24.980717     8.4399      7.178   303.7759 2.3082e+02     3.7711      1.280      1.856     8.2739 0.0000e+00
      1.313      0.034    12.2002    103.647     37.675  24.992463     8.4371      7.177   303.7315 2.2999e+02     3.7022      1.287      1.867     8.2285 0.0000e+00
      1.321      0.030    12.2236    103.695     37.640  24.995805     8.4341      7.177   303.4762 2.2755e+02     3.7102      1.296      1.878     8.1614 0.0000e+00
      1.327      0.024    12.2301    103.775     37.639  25.021160     8.4446      7.178   303.2707 2.2625e+02     3.7983      1.303      1.889     8.1302 0.0000e+00
      1.332      0.019    12.2285    103.873     37.642  25.045370     8.4562      7.179   303.2256 2.2532e+02     3.8118      1.307      1.895     8.1316 0.0000e+00
      1.336      0.015    12.2252    103.959     37.612  25.034878     8.4577      7.179   303.2752 2.2438e+02     3.7714      1.311      1.901     8.1645 0.0000e+00
      1.339      0.014    12.2162    104.034     37.601  25.021147     8.4466      7.180   303.3545 2.2485e+02     3.7538      1.312      1.903     8.2030 0.0000e+00
      1.340      0.014    12.2177    104.106     37.601  25.006178     8.4463      7.181   303.4100 2.2520e+02     3.7696      1.314      1.904     8.2358 0.0000e+00
      1.343      0.015    12.2202    104.171     37.583  24.980709     8.4713      7.181   303.6014 2.2439e+02     3.8258      1.316      1.908     8.2718 0.0000e+00
      1.347      0.018    12.2249    104.218     37.553  24.966861     8.5991      7.182   303.8626 2.2330e+02     3.7498      1.321      1.916     8.2880 0.0000e+00
      1.352      0.022    12.2386    104.241     37.513  24.965590     8.8172      7.183   303.3841 2.2210e+02     3.5334      1.326      1.923     8.2715 0.0000e+00
      1.358      0.024    12.2514    104.202     37.479  24.965369     8.9358      7.185   302.2903 2.2036e+02     3.4646      1.331      1.931     8.2539 0.0000e+00
      1.366      0.025    12.2719    104.108     37.473  24.964214     8.9603      7.185   301.9096 2.1875e+02     3.5331      1.340      1.943     8.2185 0.0000e+00
      1.374      0.024    12.2733    104.018     37.480  24.951626     9.0631      7.185   302.1359 2.1683e+02     3.4723      1.347      1.954     8.2260 0.0000e+00
      1.382      0.021    12.2636    103.934     37.493  24.939994     9.2296      7.186   302.4457 2.1528e+02     3.2761      1.356      1.966     8.2784 0.0000e+00
      1.387      0.018    12.2495    103.847     37.533  24.950383     9.3090      7.187   302.9019 2.1552e+02     3.2110      1.361      1.974     8.3122 0.0000e+00
      1.389      0.013    12.2304    103.779     37.564  24.950385     9.3236      7.188   303.1772 2.1552e+02     3.3003      1.362      1.976     8.3212 0.0000e+00
      1.391      0.009    12.2327    103.752     37.599  24.940002     9.3898      7.188   302.6770 2.1504e+02     3.2963      1.364      1.978     8.2837 0.0000e+00
      1.393      0.005    12.2327    103.740     37.675  24.951642     9.4770      7.187   301.5869 2.1493e+02     3.1633      1.365      1.980     8.2524 0.0000e+00
      1.394      0.003    12.2254    103.708     37.730  24.964242     9.5043      7.187   301.1817 2.1478e+02     3.0584      1.366      1.981     8.2389 0.0000e+00
      1.394      0.003    12.2218    103.658     37.732  24.965492     9.4954      7.188   301.4771 2.1513e+02     3.0524      1.367      1.983     8.2175 0.0000e+00
      1.395      0.002    12.2349    103.608     37.709  24.966757     9.4775      7.188   301.6302 2.1543e+02     3.0569      1.368      1.984     8.1688 0.0000e+00
      1.395      0.001    12.2559    103.591     37.699  24.979562     9.3632      7.188   301.6565 2.1571e+02     2.9759      1.368      1.984     8.1024 0.0000e+00
      1.395      0.001    12.2609    103.626     37.702  24.993493     9.1785      7.189   301.7090 2.1607e+02     2.8937      1.368      1.984     8.0680 0.0000e+00
      1.395      0.002    12.2537    103.686     37.729  25.008369     9.0835      7.191   301.7493 2.1523e+02     2.8827      1.368      1.985     8.0726 0.0000e+00
      1.395      0.005    12.2368    103.751     37.789  25.032585     9.0716      7.192   301.6274 2.1412e+02     2.9451      1.368      1.984     8.1026 0.0000e+00
      1.395      0.009    12.2245    103.846     37.806  25.032596     9.0094      7.192   301.3537 2.1370e+02     3.1008      1.368      1.984     8.1324 0.0000e+00
      1.397      0.013    12.2251    103.959     37.765  25.008489     8.8805      7.192   301.1927 2.1314e+02     3.2287      1.369      1.987     8.1504 0.0000e+00
      1.402      0.015    12.2342    104.049     37.739  24.994785     8.7957      7.193   301.1440 2.1170e+02     3.2273      1.374      1.993     8.1505 0.0000e+00
      1.409      0.016    12.2488    104.118     37.748  24.993747     8.7828      7.194   301.1095 2.0997e+02     3.2206      1.381      2.004     8.1167 0.0000e+00
      1.415      0.016    12.2678    104.131     37.773  24.995931     8.8238      7.195   301.2909 2.0916e+02     3.2836      1.390      2.015     8.0922 0.0000e+00
      1.419      0.016    12.2799    104.063     37.832  25.021175     8.8926      7.196   301.7031 2.0926e+02     3.3061      1.392      2.019     8.1114 0.0000e+00
      1.421      0.017    12.2841    103.960     37.852  25.045282     8.9160      7.197   302.0496 2.0886e+02     3.2544      1.393      2.022     8.1214 0.0000e+00
      1.423      0.019    12.3001    103.856     37.760  25.033745     8.9142      7.198   302.1247 2.0770e+02     3.2050      1.395      2.024     8.1062 0.0000e+00
      1.425      0.023    12.3090    103.747     37.628  25.008572     9.0547      7.198   302.0096 2.0655e+02     3.1874      1.396      2.026     8.0887 0.0000e+00
      1.432      0.028    12.3072    103.651     37.539  24.994654     9.3331      7.198   301.8618 2.0494e+02     3.1435      1.403      2.034     8.0547 0.0000e+00
      1.442      0.033    12.2936    103.598     37.511  24.992348     9.4839      7.197   301.6281 2.0229e+02     3.0496      1.413      2.050     8.0554 0.0000e+00
      1.453      0.035    12.2567    103.596     37.521  24.980706     9.4956      7.197   301.4203 1.9883e+02     3.0091      1.426      2.068     8.1413 0.0000e+00
      1.465      0.035    12.2130    103.636     37.586  24.980709     9.6241      7.198   301.9309 1.9599e+02     3.1666      1.437      2.084     8.2420 0.0000e+00
      1.476      0.031    12.1821    103.695     37.649  24.992336     9.8734      7.198   302.8970 1.9469e+02     3.4503      1.449      2.102     8.3017 0.0000e+00
      1.482      0.026    12.1682    103.719     37.631  24.994411    10.0134      7.198   303.2072 1.9379e+02     3.5694      1.455      2.110     8.3267 0.0000e+00
      1.487      0.020    12.1751    103.712     37.579  25.005811    10.0259      7.198   303.1863 1.9262e+02     3.5142      1.458      2.113     8.3053 0.0000e+00
      1.491      0.015    12.2044    103.739     37.502  25.003392    10.0244      7.198   303.3331 1.9167e+02     3.4652      1.464      2.122     8.2224 0.0000e+00
      1.494      0.013    12.2332    103.772     37.402  24.965215    10.1116      7.198   303.2612 1.9073e+02     3.4897      1.466      2.125     8.1608 0.0000e+00
      1.495      0.016    12.2283    103.776     37.362  24.924755    10.2733      7.199   303.0054 1.9012e+02     3.5375      1.465      2.126     8.1915 0.0000e+00
