Data/DataNotYetUploadedToEDI/Raw_CTD/RawDownloads/030524_bvr50_S7809001.cnv
* Sea-Bird SBE19plus  Data File:
* FileName = C:\R\Reservoirs\Data\DataNotYetUploadedToEDI\Raw_CTD\RawDownloads\030524_bvr50_S7809_0001.hex
* Software version 2.8.0.119
* Temperature SN = 7809
* Conductivity SN = 7809
* System UpLoad Time = Mar 06 2024 14:18:21
* <ApplicationData>
* <Seaterm232>
# nquan = 15
# nvalues = 1796                        
# units = specified
# name 0 = depFM: Depth [fresh water, m]
# name 1 = dz/dtM: Descent Rate [m/s]
# name 2 = sbeox0Mg/L: Oxygen, SBE 43 [mg/l]
# name 3 = sbeox0PS: Oxygen, SBE 43 [% saturation]
# name 4 = specc: Specific Conductance [uS/cm]
# name 5 = c0uS/cm: Conductivity [uS/cm]
# name 6 = flECO-AFL: Fluorescence, WET Labs ECO-AFL/FL [mg/m^3]
# name 7 = ph: pH
# name 8 = orp: Oxidation Reduction Potential [mV]
# name 9 = par/sat/log: PAR/Logarithmic, Satlantic
# name 10 = turbWETntu0: Turbidity, WET Labs ECO [NTU]
# name 11 = prdM: Pressure, Strain Gauge [db]
# name 12 = prdE: Pressure, Strain Gauge [psi]
# name 13 = tv290C: Temperature [ITS-90, deg C]
# name 14 = flag:  0.000e+00
# span 0 =     -0.697,      9.780       
# span 1 =     -0.367,      0.348       
# span 2 =     7.2259,    11.7793       
# span 3 =     59.143,    104.281       
# span 4 =      5.516,    218.468       
# span 5 =   3.485129, 154.193383       
# span 6 =    -0.6353,   227.3295       
# span 7 =      6.880,      7.432       
# span 8 =   248.5298,   553.5475       
# span 9 = 1.2371e-01, 1.5678e+03       
# span 10 =    -4.2418,   161.9983      
# span 11 =     -0.685,      9.594      
# span 12 =     -0.993,     13.915      
# span 13 =     6.2950,    12.5266      
# span 14 = 0.0000e+00, 0.0000e+00      
# interval = seconds: 0.25
# start_time = Mar 05 2024 11:33:43 [Instrument's time stamp, header]
# bad_flag = -9.990e-29
*END*
[from data line 193]
     -0.182      0.047    10.7298     97.191    134.693  96.091186     1.7311      6.888   294.6937 1.4188e+03     6.1734     -0.177     -0.257    10.6895 0.0000e+00
     -0.170      0.042    10.7538     97.289    133.838  95.480627     1.7234      6.890   294.9661 1.2668e+03     6.0905     -0.165     -0.240    10.6767 0.0000e+00
     -0.161      0.038    10.7634     97.400    132.432  94.467395     1.6905      6.891   294.1546 1.1747e+03     6.0363     -0.157     -0.227    10.6799 0.0000e+00
     -0.153      0.036    10.7834     97.494    133.362  95.102428     1.6573      6.889   293.4002 1.1956e+03     6.0303     -0.149     -0.216    10.6749 0.0000e+00
     -0.146      0.034    10.7989     97.559    128.018  91.257647     1.6548      6.884   293.0718 1.1944e+03     6.0519     -0.143     -0.208    10.6639 0.0000e+00
     -0.138      0.034    10.8045     97.619    123.886  88.254594     1.6606      6.881   292.8508 1.1598e+03     6.0929     -0.136     -0.197    10.6693 0.0000e+00
     -0.128      0.036    10.8211     97.680    128.099  91.175582     1.6861      6.881   293.1377 1.1862e+03     6.1848     -0.125     -0.183    10.6690 0.0000e+00
     -0.119      0.041    10.8355     97.758    126.713  90.121315     1.7461      6.882   293.5288 1.1858e+03     6.2402     -0.116     -0.170    10.6517 0.0000e+00
     -0.110      0.046    10.8436     97.869    116.890  83.081650     1.7870      6.883   293.0194 9.7931e+02     6.1827     -0.109     -0.157    10.6423 0.0000e+00
     -0.098      0.051    10.8554     97.974    112.601  79.973823     1.7896      6.883   292.3990 5.8235e+02     6.1044     -0.097     -0.140    10.6236 0.0000e+00
     -0.084      0.055    10.8723     98.079    115.372  81.863943     1.8188      6.882   292.2228 2.5245e+02     6.0792     -0.082     -0.118    10.5836 0.0000e+00
     -0.068      0.057    10.8850     98.231    110.962  78.653496     1.8904      6.880   292.0083 1.2996e+02     6.1166     -0.067     -0.098    10.5551 0.0000e+00
     -0.051      0.057    10.9075     98.396     96.903  68.624925     1.9311      6.881   291.6980 1.0468e+02     6.1815     -0.050     -0.073    10.5347 0.0000e+00
     -0.033      0.057    10.9246     98.555     85.833  60.727739     1.9446      6.884   291.3965 8.9075e+01     6.2136     -0.030     -0.044    10.5141 0.0000e+00
     -0.020      0.058    10.9389     98.714     86.066  60.828292     1.9538      6.885   291.2010 7.8494e+01     6.1978     -0.018     -0.026    10.4801 0.0000e+00
     -0.011      0.059    10.9735     98.869     92.345  65.205128     1.9431      6.885   289.5926 7.4203e+01     6.1269     -0.012     -0.017    10.4308 0.0000e+00
      0.001      0.061    10.9996     99.054     99.051  69.871884     1.9320      6.884   286.2326 7.1791e+01     6.0736     -0.001     -0.002    10.4036 0.0000e+00
      0.019      0.063    11.0238     99.274    100.004  70.475377     1.9358      6.883   283.9585 6.9271e+01     6.1002      0.018      0.026    10.3752 0.0000e+00
      0.040      0.063    11.0545     99.483     88.690  62.449035     1.9463      6.883   283.2626 6.6825e+01     6.1412      0.040      0.058    10.3339 0.0000e+00
      0.061      0.063    11.0758     99.646     79.779  56.130858     1.9437      6.883   282.9803 6.4242e+01     6.1589      0.060      0.088    10.3051 0.0000e+00
      0.078      0.062    11.1047     99.803     81.669  57.436753     1.9209      6.884   282.9538 6.2518e+01     6.1437      0.078      0.114    10.2727 0.0000e+00
      0.090      0.060    11.1425     99.971     84.517  59.438793     1.8952      6.884   283.0284 6.1969e+01     6.0946      0.088      0.128    10.2292 0.0000e+00
      0.100      0.057    11.1782    100.120     83.074  58.424460     1.8823      6.884   283.1088 6.1385e+01     6.0427      0.095      0.139    10.1972 0.0000e+00
      0.114      0.055    11.1991    100.257     76.796  53.999408     1.8981      6.884   283.1516 6.1078e+01     6.0632      0.110      0.160    10.1753 0.0000e+00
      0.131      0.053    11.2204    100.404     69.793  49.062241     1.9367      6.884   283.2872 6.0853e+01     6.1375      0.128      0.186    10.1549 0.0000e+00
      0.147      0.053    11.2411    100.553     66.511  46.739935     1.9505      6.884   283.7163 5.9737e+01     6.1210      0.145      0.211    10.1618 0.0000e+00
      0.161      0.053    11.2542    100.678     66.991  47.063102     1.9400      6.886   284.2956 5.8372e+01     6.0691      0.159      0.231    10.1664 0.0000e+00
      0.172      0.052    11.2738    100.791     68.086  47.827869     1.9503      6.886   284.7847 5.7589e+01     6.0569      0.168      0.244    10.1528 0.0000e+00
      0.182      0.051    11.2903    100.861     68.768  48.305194     1.9837      6.887   285.1566 5.7228e+01     6.0751      0.178      0.258    10.1464 0.0000e+00
      0.195      0.051    11.3159    100.972     69.073  48.516976     2.0109      6.888   285.3504 5.6941e+01     6.1526      0.191      0.276    10.1354 0.0000e+00
      0.210      0.050    11.3275    101.178     66.587  46.769478     2.0124      6.888   285.4068 5.6995e+01     6.1739      0.206      0.298    10.1202 0.0000e+00
      0.225      0.047    11.3470    101.303     62.012  43.555208     2.0023      6.888   285.4090 5.7089e+01     6.0938      0.221      0.319    10.1200 0.0000e+00
      0.239      0.043    11.3511    101.363     59.669  41.901973     2.0046      6.887   285.4634 5.6753e+01     6.0387      0.235      0.341    10.1209 0.0000e+00
      0.249      0.037    11.3521    101.439     60.747  42.650144     2.0151      6.887   285.7198 5.6332e+01     6.0876      0.246      0.357    10.1164 0.0000e+00
      0.256      0.030    11.3984    101.494     62.443  43.841984     2.0218      6.887   286.0143 5.6037e+01     6.1728      0.251      0.365    10.1165 0.0000e+00
      0.261      0.023    11.4022    101.526     62.738  44.061877     2.0189      6.888   286.0983 5.5497e+01     6.1810      0.257      0.373    10.1179 0.0000e+00
      0.266      0.017    11.4071    101.559     61.238  43.023726     2.0049      6.889   286.0476 5.4734e+01     6.1183      0.261      0.379    10.1119 0.0000e+00
      0.270      0.012    11.4243    101.568     58.797  41.318787     1.9940      6.892   286.0035 5.3974e+01     6.0641      0.265      0.384    10.0981 0.0000e+00
      0.274      0.008    11.4286    101.537     56.845  39.950352     1.9955      6.894   286.0813 5.3154e+01     6.1059      0.269      0.390    10.0990 0.0000e+00
      0.275      0.007    11.4271    101.528     56.104  39.425649     2.0068      6.894   286.3002 5.2575e+01     6.2135      0.271      0.393    10.1141 0.0000e+00
      0.274      0.009    11.4275    101.534     56.459  39.671060     1.9975      6.895   286.4992 5.2394e+01     6.1700      0.269      0.391    10.1273 0.0000e+00
      0.274      0.012    11.4307    101.507     56.291  39.553985     1.9577      6.896   286.7662 5.2496e+01     5.9554      0.268      0.389    10.1371 0.0000e+00
      0.276      0.017    11.4183    101.460     54.898  38.581087     1.9332      6.897   287.1197 5.2920e+01     5.8392      0.269      0.389    10.1399 0.0000e+00
      0.281      0.022    11.4221    101.416     54.511  38.315615     1.9340      6.896   287.2447 5.3224e+01     5.8927      0.273      0.398    10.1338 0.0000e+00
      0.290      0.026    11.4271    101.380     55.488  39.009689     1.9259      6.894   287.1602 5.3122e+01     5.9864      0.286      0.414    10.1279 0.0000e+00
      0.300      0.028    11.4220    101.356     55.251  38.850057     1.8930      6.893   287.1298 5.2792e+01     6.0496      0.296      0.428    10.1292 0.0000e+00
      0.309      0.027    11.4137    101.350     53.095  37.337347     1.8697      6.892   287.1354 5.2242e+01     6.1104      0.304      0.442    10.1374 0.0000e+00
      0.316      0.026    11.4073    101.341     51.672  36.330332     1.8772      6.893   287.1418 5.1601e+01     6.1418      0.311      0.451    10.1425 0.0000e+00
      0.321      0.025    11.4021    101.348     52.942  37.208192     1.8932      6.893   287.2074 5.0858e+01     6.1223      0.315      0.457    10.1481 0.0000e+00
      0.325      0.025    11.3954    101.406     54.339  38.179077     1.9037      6.894   287.4119 5.0032e+01     6.1128      0.319      0.462    10.1561 0.0000e+00
      0.329      0.026    11.3960    101.479     53.071  37.281524     1.8963      6.894   287.7213 4.9187e+01     6.0944      0.322      0.467    10.1624 0.0000e+00
      0.337      0.028    11.3958    101.546     50.718  35.620704     1.8871      6.895   287.8510 4.8170e+01     6.1059      0.329      0.478    10.1568 0.0000e+00
      0.347      0.028    11.3978    101.610     49.727  34.913813     1.9089      6.895   287.7754 4.7037e+01     6.1501      0.341      0.494    10.1355 0.0000e+00
      0.357      0.028    11.4116    101.667     51.517  36.158415     1.9512      6.895   287.7543 4.6117e+01     6.1505      0.351      0.509    10.1257 0.0000e+00
      0.365      0.026    11.4203    101.734     53.851  37.787323     1.9748      6.896   287.8544 4.5644e+01     6.1101      0.358      0.520    10.1231 0.0000e+00
      0.370      0.023    11.4294    101.815     52.505  36.841237     1.9613      6.897   287.9529 4.5599e+01     6.0711      0.363      0.527    10.1145 0.0000e+00
      0.374      0.019    11.4412    101.883     51.148  35.887658     1.9461      6.898   287.9981 4.5634e+01     6.0895      0.367      0.532    10.1042 0.0000e+00
      0.378      0.016    11.4490    101.909     55.427  38.885154     1.9495      6.898   288.0579 4.5610e+01     6.1618      0.372      0.539    10.0910 0.0000e+00
      0.382      0.014    11.4599    101.937     59.582  41.796199     1.9525      6.898   288.0734 4.5675e+01     6.2278      0.374      0.543    10.0789 0.0000e+00
      0.385      0.013    11.4687    101.997     56.197  39.416380     1.9480      6.899   288.0127 4.5628e+01     6.2048      0.377      0.547    10.0815 0.0000e+00
      0.389      0.014    11.4802    102.028     51.698  36.257993     1.9366      6.900   288.0131 4.5286e+01     6.1219      0.381      0.553    10.0821 0.0000e+00
      0.393      0.017    11.4810    102.027     51.288  35.974703     1.8985      6.902   288.0784 4.4808e+01     6.1136      0.386      0.559    10.0748 0.0000e+00
      0.394      0.025    11.4814    102.055     50.764  35.611244     1.8375      6.904   288.2864 4.4387e+01     6.1390      0.387      0.562    10.0732 0.0000e+00
      0.397      0.036    11.4961    102.114     51.039  35.798121     1.7979      6.905   288.6337 4.3894e+01     6.1212      0.386      0.561    10.0663 0.0000e+00
      0.405      0.046    11.5011    102.180     51.818  36.330646     1.7783      6.904   288.8363 4.3260e+01     6.1037      0.394      0.573    10.0608 0.0000e+00
      0.420      0.056    11.4942    102.294     49.493  34.689096     1.7581      6.902   288.9290 4.2489e+01     6.0979      0.409      0.594    10.0685 0.0000e+00
      0.442      0.063    11.4948    102.444     47.759  33.462341     1.7531      6.901   289.1529 4.1604e+01     6.1203      0.433      0.628    10.0792 0.0000e+00
      0.465      0.065    11.5078    102.589     51.531  36.091492     1.7684      6.899   289.3925 4.0972e+01     6.1357      0.459      0.665    10.0703 0.0000e+00
      0.483      0.062    11.5150    102.754     55.251  38.683782     1.7760      6.895   289.5035 4.0671e+01     6.0782      0.475      0.688    10.0515 0.0000e+00
      0.497      0.052    11.5317    102.927     52.151  36.503708     1.7948      6.892   289.6345 4.0440e+01     6.0405      0.486      0.705    10.0410 0.0000e+00
      0.510      0.039    11.5565    103.059     48.091  33.656329     1.8455      6.890   289.8579 4.0150e+01     6.0893      0.501      0.726    10.0308 0.0000e+00
      0.520      0.027    11.5715    103.159     48.515  33.954105     1.8821      6.888   289.9671 3.9960e+01     6.1563      0.513      0.744    10.0178 0.0000e+00
      0.524      0.017    11.5945    103.235     50.580  35.409125     1.8956      6.888   289.9215 4.0001e+01     6.1667      0.516      0.749    10.0043 0.0000e+00
      0.523      0.008    11.6217    103.273     51.433  36.021391     1.9097      6.888   289.9954 4.0164e+01     6.1118      0.514      0.745     9.9931 0.0000e+00
      0.523      0.001    11.6356    103.274     50.877  35.646570     1.9273      6.889   290.0860 4.0324e+01     6.0400      0.512      0.743     9.9887 0.0000e+00
      0.523     -0.005    11.6469    103.238     49.398  34.620855     1.9333      6.891   289.9842 4.0424e+01     6.0163      0.513      0.744     9.9871 0.0000e+00
      0.522     -0.009    11.6543    103.168     47.725  33.454120     1.9325      6.893   289.9697 4.0501e+01     6.0639      0.512      0.743     9.9972 0.0000e+00
      0.519     -0.011    11.6521    103.096     47.651  33.404201     1.9005      6.895   290.0829 4.0540e+01     6.0352      0.509      0.738    10.0169 0.0000e+00
      0.515     -0.013    11.6487    103.039     49.157  34.461420     1.8217      6.897   290.0621 4.0485e+01     5.9078      0.505      0.732    10.0314 0.0000e+00
      0.511     -0.014    11.6419    102.979     50.019  35.070301     1.7780      6.898   290.0616 4.0325e+01     5.8902      0.501      0.726    10.0421 0.0000e+00
      0.506     -0.011    11.6308    102.919     50.079  35.119382     1.7803      6.899   290.3361 4.0160e+01     5.9591      0.496      0.720    10.0489 0.0000e+00
      0.501     -0.005    11.6208    102.889     50.067  35.118271     1.7750      6.901   290.5415 3.9985e+01     5.9548      0.490      0.711    10.0492 0.0000e+00
      0.498      0.003    11.6168    102.889     48.523  34.041657     1.8134      6.903   290.3940 3.9822e+01     5.9413      0.486      0.705    10.0475 0.0000e+00
      0.500      0.013    11.6084    102.892     46.601  32.697420     1.9205      6.906   290.3591 3.9762e+01     6.0013      0.489      0.708    10.0532 0.0000e+00
      0.507      0.024    11.5969    102.903     47.145  33.076921     1.9961      6.907   290.5501 3.9616e+01     6.0651      0.496      0.719    10.0624 0.0000e+00
      0.515      0.034    11.5919    102.953     47.565  33.364515     2.0115      6.906   290.7250 3.9283e+01     6.1315      0.505      0.732    10.0692 0.0000e+00
      0.525      0.043    11.5920    103.059     46.518  32.621613     1.9981      6.905   291.0966 3.8823e+01     6.1888      0.512      0.744    10.0766 0.0000e+00
      0.538      0.048    11.5902    103.218     47.213  33.103443     1.9682      6.904   291.6874 3.8325e+01     6.1776      0.526      0.764    10.0831 0.0000e+00
      0.553      0.048    11.5906    103.392     49.022  34.368870     1.9493      6.903   292.0181 3.7828e+01     6.1325      0.543      0.787    10.0788 0.0000e+00
      0.568      0.041    11.5987    103.565     48.538  34.027451     1.9442      6.900   291.9983 3.7238e+01     6.1228      0.557      0.807    10.0694 0.0000e+00
      0.583      0.031    11.6119    103.721     45.952  32.210604     1.9151      6.898   292.0503 3.6712e+01     6.1282      0.573      0.830    10.0607 0.0000e+00
      0.593      0.018    11.6355    103.843     45.579  31.942004     1.8560      6.897   292.1293 3.6441e+01     6.0949      0.584      0.847    10.0530 0.0000e+00
      0.593      0.007    11.6542    103.908     49.274  34.523072     1.8202      6.897   292.0073 3.6304e+01     6.0622      0.584      0.848    10.0525 0.0000e+00
      0.587     -0.002    11.6755    103.917     53.124  37.214572     1.8144      6.897   291.7799 3.6311e+01     6.0394      0.575      0.835    10.0505 0.0000e+00
      0.580     -0.008    11.6949    103.897     52.565  36.820440     1.8107      6.898   291.6168 3.6498e+01     6.0581      0.567      0.822    10.0469 0.0000e+00
      0.577     -0.008    11.7115    103.838     48.549  34.008802     1.8005      6.899   291.6705 3.6680e+01     6.1176      0.565      0.819    10.0390 0.0000e+00
