Data/DataNotYetUploadedToEDI/Raw_CTD/RawDownloads/030524_bvr50_S7809001.cnv
* Sea-Bird SBE19plus  Data File:
* FileName = C:\R\Reservoirs\Data\DataNotYetUploadedToEDI\Raw_CTD\RawDownloads\030524_bvr50_S7809_0001.hex
* Software version 2.8.0.119
* Temperature SN = 7809
* Conductivity SN = 7809
* System UpLoad Time = Mar 06 2024 14:18:21
* <ApplicationData>
* <Seaterm232>
# nquan = 15
# nvalues = 1796                        
# units = specified
# name 0 = depFM: Depth [fresh water, m]
# name 1 = dz/dtM: Descent Rate [m/s]
# name 2 = sbeox0Mg/L: Oxygen, SBE 43 [mg/l]
# name 3 = sbeox0PS: Oxygen, SBE 43 [% saturation]
# name 4 = specc: Specific Conductance [uS/cm]
# name 5 = c0uS/cm: Conductivity [uS/cm]
# name 6 = flECO-AFL: Fluorescence, WET Labs ECO-AFL/FL [mg/m^3]
# name 7 = ph: pH
# name 8 = orp: Oxidation Reduction Potential [mV]
# name 9 = par/sat/log: PAR/Logarithmic, Satlantic
# name 10 = turbWETntu0: Turbidity, WET Labs ECO [NTU]
# name 11 = prdM: Pressure, Strain Gauge [db]
# name 12 = prdE: Pressure, Strain Gauge [psi]
# name 13 = tv290C: Temperature [ITS-90, deg C]
# name 14 = flag:  0.000e+00
# span 0 =     -0.697,      9.780       
# span 1 =     -0.367,      0.348       
# span 2 =     7.2259,    11.7793       
# span 3 =     59.143,    104.281       
# span 4 =      5.516,    218.468       
# span 5 =   3.485129, 154.193383       
# span 6 =    -0.6353,   227.3295       
# span 7 =      6.880,      7.432       
# span 8 =   248.5298,   553.5475       
# span 9 = 1.2371e-01, 1.5678e+03       
# span 10 =    -4.2418,   161.9983      
# span 11 =     -0.685,      9.594      
# span 12 =     -0.993,     13.915      
# span 13 =     6.2950,    12.5266      
# span 14 = 0.0000e+00, 0.0000e+00      
# interval = seconds: 0.25
# start_time = Mar 05 2024 11:33:43 [Instrument's time stamp, header]
# bad_flag = -9.990e-29
*END*
[from data line 290]
      0.576      0.009    11.7213    103.685     49.912  34.967672     1.7824      6.899   291.8748 3.6400e+01     6.1096      0.565      0.819    10.0230 0.0000e+00
      0.576      0.020    11.7234    103.663     49.996  35.019582     1.8510      6.899   291.8175 3.5923e+01     6.1741      0.562      0.816    10.0194 0.0000e+00
      0.581      0.030    11.7143    103.682     47.629  33.352083     1.9632      6.898   291.7363 3.5271e+01     6.2075      0.565      0.820    10.0222 0.0000e+00
      0.593      0.037    11.7017    103.751     45.618  31.937039     2.0077      6.896   291.7534 3.4517e+01     6.1720      0.582      0.844    10.0296 0.0000e+00
      0.608      0.041    11.6908    103.866     44.346  31.042965     1.9900      6.893   291.9383 3.3767e+01     6.0860      0.598      0.867    10.0302 0.0000e+00
      0.623      0.042    11.6935    103.984     45.076  31.550169     1.9821      6.889   292.1644 3.3124e+01     6.0220      0.612      0.888    10.0203 0.0000e+00
      0.634      0.039    11.6979    104.109     46.145  32.296584     1.9789      6.886   292.2507 3.2700e+01     6.0126      0.623      0.904    10.0078 0.0000e+00
      0.642      0.034    11.7061    104.223     44.559  31.186263     1.9672      6.886   292.2072 3.2453e+01     6.0746      0.629      0.913    10.0018 0.0000e+00
      0.648      0.031    11.7250    104.281     42.219  29.544118     1.9489      6.888   292.1552 3.2297e+01     6.1228      0.635      0.921     9.9982 0.0000e+00
      0.654      0.032    11.7366    104.281     43.899  30.711104     1.9324      6.891   292.2236 3.2221e+01     6.0835      0.643      0.932     9.9935 0.0000e+00
      0.659      0.036    11.7530    104.216     48.528  33.939204     1.9342      6.893   292.4317 3.2230e+01     6.0780      0.646      0.937     9.9911 0.0000e+00
      0.666      0.040    11.7675    103.957     48.443  33.872494     1.9459      6.895   292.4347 3.2189e+01     6.0904      0.650      0.943     9.9936 0.0000e+00
      0.679      0.043    11.7757    103.433     43.856  30.666312     1.9488      6.896   292.1738 3.1979e+01     6.0618      0.664      0.963     9.9896 0.0000e+00
      0.697      0.047    11.7762    102.768     43.169  30.192952     1.9439      6.898   292.1173 3.1652e+01     6.0395      0.685      0.993     9.9766 0.0000e+00
      0.711      0.052    11.7793    102.028     47.495  33.224550     1.9373      6.901   292.3532 3.1316e+01     6.0605      0.701      1.016     9.9671 0.0000e+00
      0.719      0.056    11.7595    101.108     49.619  34.712688     1.9355      6.902   292.5309 3.0960e+01     6.1111      0.703      1.021     9.9540 0.0000e+00
      0.730      0.056    11.6902     99.984     46.209  32.325668     1.9469      6.904   292.5458 3.0481e+01     6.1047      0.712      1.033     9.9576 0.0000e+00
      0.747      0.055    11.6063     98.787     43.244  30.247336     1.9589      6.907   292.6191 2.9899e+01     6.0516      0.733      1.063     9.9711 0.0000e+00
      0.767      0.054    11.5318     97.677     45.726  31.978315     2.0392      6.907   292.7286 2.9337e+01     6.0489      0.753      1.092     9.9731 0.0000e+00
      0.783      0.051    11.4266     96.615     47.216  33.017315     2.2012      6.907   292.7511 2.8915e+01     6.1066      0.770      1.116     9.9787 0.0000e+00
      0.795      0.046    11.2940     95.378     44.256  30.945502     2.3028      6.909   292.8043 2.8635e+01     6.1676      0.780      1.131     9.9770 0.0000e+00
      0.804      0.041    11.1525     93.994     44.483  31.099011     2.3279      6.911   292.8558 2.8392e+01     6.1717      0.789      1.144     9.9712 0.0000e+00
      0.812      0.039    11.0260     92.658     48.360  33.796348     2.3387      6.913   292.8576 2.8192e+01     6.1230      0.798      1.157     9.9650 0.0000e+00
      0.818      0.039    10.9271     91.413     49.672  34.693309     2.3581      6.915   292.9125 2.7937e+01     6.1247      0.801      1.162     9.9613 0.0000e+00
      0.826      0.043    10.7827     90.214     48.270  33.696719     2.3873      6.916   293.0895 2.7599e+01     6.1924      0.808      1.171     9.9596 0.0000e+00
      0.838      0.046    10.6139     89.007     46.979  32.786434     2.4003      6.916   293.3625 2.7423e+01     6.2246      0.821      1.189     9.9573 0.0000e+00
      0.853      0.046    10.4680     87.811     45.491  31.744814     2.3907      6.916   293.4600 2.7367e+01     6.2066      0.836      1.212     9.9460 0.0000e+00
      0.870      0.042    10.3346     86.731     42.788  29.857130     2.4131      6.916   293.2363 2.7345e+01     6.1453      0.854      1.238     9.9178 0.0000e+00
      0.884      0.036    10.2080     85.837     41.369  28.866206     2.4954      6.917   293.0669 2.7313e+01     6.0981      0.868      1.260     9.8970 0.0000e+00
      0.892      0.029    10.0728     85.106     44.327  30.927845     2.5536      6.918   293.0466 2.7158e+01     6.1481      0.877      1.273     9.8907 0.0000e+00
      0.894      0.021     9.9316     84.503     47.971  33.468690     2.5435      6.918   292.9049 2.7056e+01     6.1692      0.879      1.275     9.8877 0.0000e+00
      0.893      0.013     9.8063     84.008     46.850  32.689225     2.4725      6.918   292.6447 2.7118e+01     6.0801      0.874      1.268     9.8878 0.0000e+00
      0.895      0.006     9.7077     83.601     43.168  30.132204     2.3773      6.919   292.3955 2.7223e+01     6.0272      0.875      1.270     9.8868 0.0000e+00
      0.901      0.000     9.6275     83.285     41.804  29.196477     2.3414      6.920   292.3862 2.7317e+01     6.0767      0.885      1.284     9.8833 0.0000e+00
      0.905     -0.003     9.5588     83.027     44.940  31.398035     2.3626      6.921   292.6186 2.7354e+01     6.1325      0.890      1.291     9.8816 0.0000e+00
      0.901     -0.003     9.5065     82.791     48.799  34.103034     2.3594      6.922   292.8823 2.7331e+01     6.1210      0.885      1.284     9.8792 0.0000e+00
      0.893     -0.003     9.4537     82.543     48.166  33.671399     2.3279      6.922   293.0791 2.7285e+01     6.1082      0.874      1.268     9.8978 0.0000e+00
      0.888     -0.001     9.4146     82.241     44.968  31.445794     2.3147      6.921   293.1056 2.7255e+01     6.1477      0.867      1.258     9.9248 0.0000e+00
      0.890      0.003     9.3862     81.913     43.022  30.096294     2.3169      6.921   293.1171 2.7234e+01     6.1555      0.872      1.265     9.9299 0.0000e+00
      0.895      0.008     9.3571     81.610     44.011  30.803566     2.3710      6.920   293.3037 2.7092e+01     6.0993      0.879      1.275     9.9381 0.0000e+00
      0.900      0.010     9.3302     81.312     48.149  33.716791     2.4694      6.920   293.3825 2.6843e+01     6.0492      0.883      1.281     9.9530 0.0000e+00
      0.904      0.008     9.2917     80.971     51.130  35.818456     2.5239      6.922   293.1239 2.6634e+01     6.0617      0.886      1.286     9.9604 0.0000e+00
      0.907      0.000     9.2492     80.607     48.620  34.071805     2.5386      6.924   292.7584 2.6473e+01     6.1143      0.889      1.290     9.9734 0.0000e+00
      0.909     -0.008     9.2114     80.259     43.950  30.807260     2.4816      6.925   292.4909 2.6281e+01     6.1384      0.892      1.296     9.9924 0.0000e+00
      0.906     -0.012     9.1788     79.947     41.847  29.337777     2.3420      6.925   292.3840 2.6146e+01     6.1147      0.893      1.295    10.0096 0.0000e+00
      0.896     -0.007     9.1334     79.675     44.340  31.085467     2.2486      6.924   292.4989 2.6192e+01     6.0660      0.880      1.277    10.0254 0.0000e+00
      0.884      0.002     9.0886     79.425     48.928  34.300482     2.2356      6.921   292.6755 2.6282e+01     6.0629      0.863      1.252    10.0374 0.0000e+00
      0.880      0.013     9.0470     79.192     48.335  33.888086     2.2513      6.916   292.7987 2.6349e+01     6.1104      0.857      1.242    10.0488 0.0000e+00
      0.890      0.023     9.0098     78.980     44.183  30.985649     2.3797      6.913   292.9552 2.6408e+01     6.0944      0.867      1.257    10.0521 0.0000e+00
      0.910      0.032     8.9813     78.812     44.640  31.309464     2.6140      6.912   293.1052 2.6338e+01     6.0394      0.894      1.296    10.0520 0.0000e+00
      0.928      0.036     8.9530     78.714     48.491  33.996377     2.7374      6.912   293.2357 2.6296e+01     6.0270      0.915      1.328    10.0488 0.0000e+00
      0.935      0.035     8.9268     78.639     49.483  34.670439     2.7482      6.913   293.3293 2.6393e+01     6.0461      0.919      1.333    10.0481 0.0000e+00
      0.937      0.030     8.8994     78.576     47.098  32.989454     2.7113      6.913   293.2038 2.6407e+01     6.0661      0.918      1.332    10.0667 0.0000e+00
      0.940      0.025     8.8746     78.566     43.882  30.738150     2.6157      6.914   293.0090 2.6317e+01     6.0633      0.922      1.337    10.0761 0.0000e+00
      0.945      0.025     8.8717     78.594     42.700  29.907688     2.5496      6.915   292.9527 2.6249e+01     6.0802      0.927      1.343    10.0574 0.0000e+00
      0.952      0.030     8.8719     78.669     44.188  30.941733     2.5360      6.917   292.9542 2.6191e+01     6.1002      0.934      1.354    10.0234 0.0000e+00
      0.960      0.037     8.8610     78.780     45.727  32.012568     2.5765      6.920   293.0269 2.6100e+01     6.1007      0.942      1.366    10.0121 0.0000e+00
      0.970      0.043     8.8626     78.910     45.182  31.626713     2.6565      6.922   293.1433 2.6024e+01     6.1194      0.950      1.378    10.0259 0.0000e+00
      0.983      0.047     8.8632     79.089     42.619  29.828676     2.6958      6.923   293.2431 2.6059e+01     6.1214      0.964      1.398    10.0214 0.0000e+00
      0.998      0.051     8.8757     79.308     41.154  28.795657     2.7021      6.925   293.2868 2.6173e+01     6.1253      0.979      1.420    10.0070 0.0000e+00
      1.013      0.052     8.8924     79.529     42.963  30.047233     2.7916      6.926   293.2422 2.6258e+01     6.1320      0.994      1.442    10.0011 0.0000e+00
      1.026      0.052     8.9033     79.716     45.353  31.703572     2.9623      6.926   293.2200 2.6212e+01     6.1350      1.007      1.462     9.9962 0.0000e+00
      1.038      0.048     8.9265     79.841     44.537  31.123882     3.0595      6.926   293.2769 2.6053e+01     6.1614      1.017      1.477     9.9937 0.0000e+00
      1.051      0.041     8.9538     79.902     42.416  29.635334     3.0676      6.926   293.2411 2.5991e+01     6.1094      1.031      1.495     9.9863 0.0000e+00
      1.064      0.033     8.9843     79.910     42.415  29.627983     3.0764      6.927   293.0451 2.6124e+01     6.0535      1.046      1.517     9.9675 0.0000e+00
      1.074      0.026     9.0109     79.851     42.173  29.449674     3.1075      6.929   292.8860 2.6258e+01     6.1340      1.057      1.532     9.9473 0.0000e+00
      1.078      0.022     9.0275     79.726     41.913  29.255349     3.1278      6.931   292.8658 2.6342e+01     6.1955      1.059      1.536     9.9367 0.0000e+00
      1.077      0.022     9.0341     79.555     44.279  30.893419     3.1312      6.931   292.8870 2.6426e+01     6.1129      1.057      1.532     9.9321 0.0000e+00
      1.076      0.026     9.0377     79.353     44.693  31.176480     3.1392      6.931   292.8847 2.6485e+01     6.0233      1.053      1.527     9.9261 0.0000e+00
      1.080      0.033     9.0337     79.160     41.836  29.188584     3.1998      6.930   292.9232 2.6687e+01     6.1033      1.054      1.529     9.9140 0.0000e+00
      1.095      0.043     9.0212     79.006     42.008  29.313686     3.3146      6.929   293.0084 2.6973e+01     6.2942      1.073      1.556     9.8978 0.0000e+00
      1.112      0.052     9.0063     78.900     43.953  30.659506     3.3697      6.929   293.1407 2.7127e+01     6.3840      1.096      1.588     9.8811 0.0000e+00
      1.127      0.059     8.9831     78.853     43.285  30.173223     3.3590      6.928   293.2325 2.7145e+01     6.3352      1.105      1.602     9.8690 0.0000e+00
      1.142      0.061     8.9576     78.958     42.373  29.524388     3.4098      6.925   293.1721 2.7120e+01     6.2849      1.119      1.623     9.8817 0.0000e+00
      1.159      0.059     8.9366     79.356     41.574  28.968190     3.5262      6.921   293.1844 2.7085e+01     6.2886      1.138      1.651     9.8984 0.0000e+00
      1.174      0.055     8.9278     80.010     40.293  28.078550     3.5931      6.920   293.2950 2.7107e+01     6.2768      1.150      1.669     9.8811 0.0000e+00
      1.190      0.052     8.9290     80.831     40.584  28.282234     3.5940      6.920   293.3052 2.7220e+01     6.2104      1.168      1.694     9.8453 0.0000e+00
      1.204      0.047     8.9318     81.774     41.100  28.640090     3.5958      6.921   293.3073 2.7224e+01     6.2037      1.184      1.717     9.8298 0.0000e+00
      1.213      0.043     8.9808     82.655     40.774  28.409245     3.6234      6.922   293.4068 2.7190e+01     6.2981      1.189      1.724     9.8366 0.0000e+00
      1.221      0.038     9.0605     83.337     40.782  28.408779     3.6526      6.923   293.4762 2.7350e+01     6.3615      1.198      1.736     9.8435 0.0000e+00
      1.231      0.033     9.1474     83.789     39.931  27.809998     3.6666      6.926   293.2857 2.7611e+01     6.3895      1.208      1.751     9.8424 0.0000e+00
      1.240      0.030     9.2690     83.938     38.876  27.068167     3.6009      6.928   292.9962 2.7894e+01     6.3290      1.216      1.764     9.8408 0.0000e+00
      1.248      0.029     9.3743     83.763     40.048  27.875131     3.4656      6.931   292.9877 2.8125e+01     6.1764      1.226      1.777     9.8364 0.0000e+00
      1.253      0.029     9.4515     83.349     41.318  28.750317     3.4046      6.932   293.0965 2.8271e+01     6.1501      1.230      1.784     9.8278 0.0000e+00
      1.256      0.030     9.5096     82.758     40.078  27.881957     3.4201      6.932   293.1075 2.8440e+01     6.2151      1.231      1.785     9.8214 0.0000e+00
      1.263      0.032     9.5308     82.037     39.113  27.207281     3.4623      6.934   293.0345 2.8604e+01     6.1773      1.236      1.794     9.8124 0.0000e+00
      1.275      0.032     9.5072     81.297     40.276  28.014054     3.5314      6.937   292.9018 2.8712e+01     6.1032      1.251      1.814     9.7991 0.0000e+00
      1.287      0.032     9.4608     80.591     40.982  28.503145     3.5736      6.940   292.9654 2.8722e+01     6.1383      1.263      1.831     9.7872 0.0000e+00
      1.296      0.032     9.3965     79.917     39.693  27.602770     3.5807      6.941   293.1164 2.8656e+01     6.1920      1.270      1.844     9.7808 0.0000e+00
      1.303      0.031     9.3073     79.317     38.411  26.704961     3.5838      6.942   293.0927 2.8611e+01     6.1730      1.278      1.854     9.7772 0.0000e+00
      1.309      0.031     9.2222     78.812     38.533  26.781062     3.5616      6.944   293.0223 2.8576e+01     6.1131      1.284      1.862     9.7756 0.0000e+00
      1.314      0.034     9.1447     78.347     38.496  26.747163     3.5283      6.946   292.9543 2.8536e+01     6.0818      1.288      1.867     9.7737 0.0000e+00
      1.320      0.040     9.0662     77.909     37.764  26.231796     3.5228      6.948   292.9581 2.8475e+01     6.1368      1.293      1.874     9.7690 0.0000e+00
      1.331      0.047     8.9973     77.528     36.987  25.687037     3.5284      6.949   293.0678 2.8373e+01     6.1633      1.304      1.892     9.7613 0.0000e+00
      1.346      0.054     8.9479     77.186     36.525  25.361048     3.5384      6.951   293.2482 2.8458e+01     6.1631      1.319      1.913     9.7487 0.0000e+00
