Data/DataNotYetUploadedToEDI/Raw_CTD/RawDownloads/031824_bvr50_S7809001.cnv
* Sea-Bird SBE19plus  Data File:
* FileName = C:\R\Reservoirs\Data\DataNotYetUploadedToEDI\Raw_CTD\RawDownloads\031824_fcr50_S7809_0001.hex
* Software version 2.8.0.119
* Temperature SN = 7809
* Conductivity SN = 7809
* System UpLoad Time = Mar 18 2024 15:44:53
* <ApplicationData>
* <Seaterm232>
# nquan = 15
# nvalues = 1490                        
# units = specified
# name 0 = depFM: Depth [fresh water, m]
# name 1 = dz/dtM: Descent Rate [m/s]
# name 2 = sbeox0Mg/L: Oxygen, SBE 43 [mg/l]
# name 3 = sbeox0PS: Oxygen, SBE 43 [% saturation]
# name 4 = specc: Specific Conductance [uS/cm]
# name 5 = c0uS/cm: Conductivity [uS/cm]
# name 6 = flECO-AFL: Fluorescence, WET Labs ECO-AFL/FL [mg/m^3]
# name 7 = ph: pH
# name 8 = orp: Oxidation Reduction Potential [mV]
# name 9 = par/sat/log: PAR/Logarithmic, Satlantic
# name 10 = turbWETntu0: Turbidity, WET Labs ECO [NTU]
# name 11 = prdM: Pressure, Strain Gauge [db]
# name 12 = prdE: Pressure, Strain Gauge [psi]
# name 13 = tv290C: Temperature [ITS-90, deg C]
# name 14 = flag:  0.000e+00
# span 0 =     -0.824,      9.374       
# span 1 =     -0.268,      0.115       
# span 2 =     8.2278,    11.7077       
# span 3 =     69.387,    101.920       
# span 4 =      0.143,     40.720       
# span 5 =   0.087826,  28.071698       
# span 6 =    -0.1433,    39.8711       
# span 7 =     -2.388,     10.809       
# span 8 =  -666.8153,  1240.2256       
# span 9 = 1.2368e-01, 4.1410e+02       
# span 10 =    -0.3303,   501.5686      
# span 11 =     -0.808,      9.194      
# span 12 =     -1.173,     13.335      
# span 13 =     5.5497,    11.1823      
# span 14 = 0.0000e+00, 0.0000e+00      
# interval = seconds: 0.25
# start_time = Mar 18 2024 10:14:58 [Instrument's time stamp, header]
# bad_flag = -9.990e-29
*END*
[from data line 386]
      1.068      0.024    10.1176     92.547     28.786  20.831908     5.8395      7.035   304.4315 5.2895e+01     9.1726      1.047      1.518    11.1811 0.0000e+00
      1.074      0.025    10.1308     92.568     28.835  20.867098     6.0377      7.036   304.5429 5.2438e+01     9.1054      1.053      1.528    11.1813 0.0000e+00
      1.081      0.025    10.1421     92.529     28.838  20.868828     6.1459      7.036   304.6794 5.2110e+01     9.1473      1.061      1.539    11.1812 0.0000e+00
      1.086      0.025    10.1511     92.466     28.816  20.852826     6.1744      7.037   304.7914 5.1776e+01     9.2345      1.065      1.545    11.1809 0.0000e+00
      1.092      0.026    10.1662     92.399     28.831  20.863829     6.2156      7.038   304.8634 5.1183e+01     9.2385      1.070      1.552    11.1809 0.0000e+00
      1.100      0.026    10.1665     92.333     28.847  20.875058     6.2621      7.038   304.7764 5.0654e+01     9.1953      1.079      1.565    11.1807 0.0000e+00
      1.107      0.026    10.1605     92.223     28.830  20.861788     6.2778      7.038   304.6862 5.0320e+01     9.1558      1.087      1.577    11.1800 0.0000e+00
      1.113      0.025    10.1541     92.030     28.787  20.830188     6.2809      7.039   304.6330 4.9831e+01     9.1707      1.091      1.583    11.1795 0.0000e+00
      1.120      0.023    10.1449     91.793     28.759  20.810015     6.3079      7.039   304.5625 4.9329e+01     9.2395      1.098      1.593    11.1791 0.0000e+00
      1.127      0.023    10.1409     91.605     28.757  20.808087     6.3294      7.039   304.6951 4.9052e+01     9.2709      1.107      1.605    11.1788 0.0000e+00
      1.131      0.024    10.1308     91.514     28.756  20.806881     6.3248      7.038   304.8594 4.8807e+01     9.2427      1.109      1.609    11.1784 0.0000e+00
      1.135      0.024    10.1084     91.512     28.741  20.795432     6.3269      7.037   304.8289 4.8418e+01     9.2398      1.112      1.613    11.1778 0.0000e+00
      1.142      0.024    10.0772     91.593     28.742  20.796469     6.3209      7.037   304.6698 4.7867e+01     9.2362      1.118      1.622    11.1776 0.0000e+00
      1.151      0.025    10.0550     91.747     28.774  20.819421     6.2027      7.037   304.4847 4.7359e+01     9.1638      1.129      1.638    11.1768 0.0000e+00
      1.158      0.026    10.0470     91.939     28.774  20.819326     5.9966      7.038   304.4845 4.7023e+01     9.1159      1.137      1.651    11.1753 0.0000e+00
      1.163      0.027    10.0463     92.087     28.741  20.795307     5.8848      7.038   304.6667 4.6700e+01     9.1358      1.140      1.654    11.1747 0.0000e+00
      1.168      0.027    10.0558     92.131     28.722  20.782636     5.8824      7.039   304.8798 4.6343e+01     9.1658      1.144      1.660    11.1751 0.0000e+00
      1.175      0.027    10.0732     92.101     28.735  20.792936     5.8841      7.039   305.0826 4.5912e+01     9.1707      1.152      1.671    11.1749 0.0000e+00
      1.185      0.027    10.0984     92.050     28.734  20.793031     5.8724      7.039   305.1401 4.5433e+01     9.1608      1.163      1.686    11.1742 0.0000e+00
      1.193      0.027    10.1187     92.010     28.721  20.783779     5.8743      7.039   304.8868 4.5102e+01     9.1830      1.171      1.698    11.1744 0.0000e+00
      1.199      0.027    10.1200     92.010     28.754  20.807883     5.8818      7.039   304.6003 4.4798e+01     9.2004      1.176      1.704    11.1759 0.0000e+00
      1.205      0.028    10.1140     92.025     28.785  20.830844     5.8802      7.041   304.5154 4.4463e+01     9.1997      1.182      1.714    11.1776 0.0000e+00
      1.212      0.029    10.1082     92.016     28.753  20.807779     5.8800      7.042   304.5491 4.4218e+01     9.2084      1.190      1.726    11.1790 0.0000e+00
      1.217      0.031    10.1007     92.012     28.718  20.782625     5.8802      7.042   304.6632 4.3891e+01     9.1703      1.193      1.731    11.1801 0.0000e+00
      1.225      0.033    10.1019     92.031     28.716  20.780340     5.8906      7.042   304.7770 4.3394e+01     9.1143      1.200      1.740    11.1804 0.0000e+00
      1.236      0.035    10.1071     92.046     28.716  20.780142     5.9712      7.043   304.8067 4.2873e+01     9.1463      1.212      1.758    11.1809 0.0000e+00
      1.247      0.035    10.1029     92.071     28.716  20.780227     6.0985      7.044   304.8503 4.2371e+01     9.2156      1.223      1.774    11.1812 0.0000e+00
      1.257      0.034    10.1012     92.121     28.718  20.781378     6.1556      7.044   305.0459 4.1887e+01     9.2006      1.233      1.788    11.1809 0.0000e+00
      1.266      0.032    10.1066     92.198     28.736  20.794059     6.1546      7.044   305.1064 4.1447e+01     9.1359      1.242      1.801    11.1805 0.0000e+00
      1.272      0.030    10.1066     92.307     28.754  20.806740     6.1365      7.044   305.0663 4.1017e+01     9.1158      1.248      1.810    11.1804 0.0000e+00
      1.278      0.028    10.1083     92.413     28.756  20.807892     6.1031      7.044   304.9909 4.0569e+01     9.1280      1.254      1.817    11.1805 0.0000e+00
      1.285      0.027    10.1154     92.508     28.756  20.807988     6.0748      7.045   304.7105 4.0207e+01     9.1131      1.261      1.829    11.1797 0.0000e+00
      1.292      0.028    10.1214     92.588     28.756  20.807905     6.0526      7.045   304.5165 3.9878e+01     9.1063      1.266      1.836    11.1787 0.0000e+00
      1.299      0.032    10.1375     92.618     28.754  20.806880     6.0598      7.041   304.4514 3.9453e+01     9.1489      1.273      1.846    11.1780 0.0000e+00
      1.305      0.037    10.1483     92.603     28.738  20.795603     6.1529      7.036   304.4397 3.9127e+01     9.1501      1.281      1.858    11.1776 0.0000e+00
      1.313      0.042    10.1579     92.581     28.741  20.798366     6.3129      7.034   304.5471 3.8714e+01     9.0866      1.284      1.864    11.1775 0.0000e+00
      1.326      0.046    10.1705     92.573     28.799  20.840287     6.4047      7.032   304.8036 3.8012e+01     9.0298      1.299      1.884    11.1779 0.0000e+00
      1.342      0.048    10.1720     92.594     28.824  20.858628     6.4050      7.032   305.0456 3.7427e+01     9.0440      1.319      1.912    11.1783 0.0000e+00
      1.356      0.047    10.1684     92.629     28.785  20.829918     6.4664      7.033   305.0640 3.7032e+01     9.1564      1.330      1.929    11.1789 0.0000e+00
      1.369      0.044    10.1656     92.625     28.758  20.810170     6.5977      7.032   304.9403 3.6682e+01     9.2266      1.343      1.947    11.1796 0.0000e+00
      1.380      0.042    10.1640     92.604     28.758  20.810075     6.6607      7.027   304.8402 3.6432e+01     9.1759      1.355      1.966    11.1800 0.0000e+00
      1.388      0.041    10.1652     92.612     28.783  20.828765     6.6628      7.021   304.8000 3.6300e+01     9.1578      1.363      1.976    11.1802 0.0000e+00
      1.393      0.039    10.1742     92.600     28.807  20.845937     6.4978      7.019   304.7987 3.5995e+01     9.2138      1.364      1.977    11.1801 0.0000e+00
      1.403      0.037    10.1722     92.507     28.781  20.827490     6.1568      7.022   304.8246 3.5390e+01     9.2377      1.373      1.991    11.1796 0.0000e+00
      1.419      0.037    10.1655     92.351     28.737  20.795936     5.9595      7.025   304.8550 3.4883e+01     9.2072      1.395      2.022    11.1787 0.0000e+00
      1.431      0.037    10.1704     92.182     28.717  20.781446     5.9356      7.026   304.9944 3.4622e+01     9.1530      1.407      2.040    11.1787 0.0000e+00
      1.436      0.036    10.1727     92.048     28.714  20.779099     5.9923      7.026   305.2199 3.4396e+01     9.0944      1.407      2.041    11.1791 0.0000e+00
      1.443      0.032    10.1602     91.976     28.699  20.767556     6.1132      7.028   305.3434 3.4049e+01     9.0107      1.413      2.048    11.1797 0.0000e+00
      1.453      0.028    10.1411     91.956     28.700  20.768698     6.1738      7.031   305.2839 3.3693e+01     8.9266      1.427      2.069    11.1799 0.0000e+00
      1.462      0.028    10.1206     91.978     28.734  20.792906     6.1584      7.034   305.1887 3.3472e+01     8.9319      1.435      2.081    11.1798 0.0000e+00
      1.467      0.029    10.1042     92.040     28.753  20.806635     6.1351      7.037   305.1387 3.3310e+01     9.0410      1.439      2.086    11.1803 0.0000e+00
      1.472      0.031    10.0975     92.122     28.754  20.807882     6.1003      7.039   305.0234 3.3050e+01     9.1523      1.442      2.091    11.1802 0.0000e+00
      1.479      0.032    10.0958     92.211     28.754  20.807988     6.0543      7.040   304.9125 3.2725e+01     9.1834      1.451      2.103    11.1795 0.0000e+00
      1.488      0.032    10.0981     92.296     28.754  20.807908     6.0279      7.042   304.8313 3.2453e+01     9.1439      1.460      2.117    11.1790 0.0000e+00
      1.498      0.031    10.1058     92.327     28.752  20.806922     6.0311      7.044   304.7296 3.2098e+01     9.1193      1.467      2.128    11.1789 0.0000e+00
      1.510      0.031    10.1159     92.303     28.737  20.796061     6.2263      7.047   304.7150 3.1717e+01     9.1250      1.481      2.149    11.1796 0.0000e+00
      1.519      0.031    10.1240     92.282     28.747  20.803398     6.5903      7.049   304.8270 3.1537e+01     9.0420      1.492      2.164    11.1802 0.0000e+00
      1.523      0.032    10.1374     92.275     28.787  20.832218     6.7701      7.049   304.8793 3.1496e+01     8.9362      1.494      2.166    11.1805 0.0000e+00
      1.525      0.033    10.1411     92.252     28.781  20.827501     6.7521      7.049   304.7450 3.1327e+01     8.9043      1.493      2.166    11.1808 0.0000e+00
      1.532      0.035    10.1338     92.200     28.757  20.809771     6.5720      7.049   304.4939 3.0882e+01     8.9641      1.499      2.174    11.1809 0.0000e+00
      1.546      0.039    10.1323     92.137     28.755  20.808057     6.2571      7.051   304.3380 3.0407e+01     9.1122      1.518      2.200    11.1805 0.0000e+00
      1.561      0.044    10.1330     92.102     28.753  20.806782     6.0824      7.052   304.4090 3.0075e+01     9.1585      1.532      2.222    11.1798 0.0000e+00
      1.572      0.047    10.1313     92.105     28.736  20.794348     6.0574      7.051   304.5775 2.9794e+01     9.0797      1.541      2.235    11.1797 0.0000e+00
      1.582      0.047    10.1249     92.133     28.723  20.784535     6.0801      7.051   304.7414 2.9504e+01     9.0815      1.551      2.248    11.1794 0.0000e+00
      1.593      0.043    10.1159     92.194     28.765  20.814942     6.1413      7.052   304.7562 2.9089e+01     9.1450      1.561      2.263    11.1789 0.0000e+00
      1.607      0.038    10.1115     92.290     28.808  20.844967     6.1725      7.053   304.5842 2.8618e+01     9.1309      1.578      2.289    11.1789 0.0000e+00
      1.620      0.034    10.1138     92.415     28.788  20.830547     6.1742      7.056   304.5547 2.8331e+01     9.1162      1.592      2.309    11.1789 0.0000e+00
      1.626      0.033    10.1151     92.533     28.788  20.830807     6.2950      7.057   304.7438 2.8237e+01     9.1722      1.596      2.314    11.1785 0.0000e+00
      1.629      0.034    10.1229     92.595     28.812  20.848109     6.5432      7.057   304.8057 2.8167e+01     9.2274      1.598      2.318    11.1775 0.0000e+00
      1.633      0.035    10.1331     92.594     28.813  20.849524     6.6951      7.057   304.7007 2.7966e+01     9.2030      1.600      2.320    11.1769 0.0000e+00
      1.642      0.038    10.1482     92.549     28.810  20.847929     6.7073      7.058   304.6780 2.7526e+01     9.1169      1.605      2.328    11.1767 0.0000e+00
      1.658      0.041    10.1648     92.495     28.783  20.828818     6.6915      7.059   304.7032 2.7006e+01     9.0743      1.626      2.358    11.1765 0.0000e+00
      1.674      0.042    10.1700     92.458     28.755  20.808669     6.6868      7.060   304.5761 2.6682e+01     9.1320      1.645      2.386    11.1768 0.0000e+00
      1.685      0.042    10.1704     92.448     28.735  20.794521     6.6842      7.061   304.3451 2.6485e+01     9.1985      1.651      2.396    11.1780 0.0000e+00
      1.693      0.039    10.1621     92.465     28.722  20.784565     6.6682      7.063   304.3194 2.6291e+01     9.1613      1.661      2.408    11.1791 0.0000e+00
      1.701      0.037    10.1562     92.518     28.765  20.815098     6.6521      7.065   304.4371 2.6111e+01     9.0923      1.669      2.420    11.1796 0.0000e+00
      1.708      0.036    10.1511     92.565     28.808  20.846672     6.5636      7.066   304.4776 2.5957e+01     9.0817      1.675      2.430    11.1804 0.0000e+00
      1.716      0.037    10.1502     92.514     28.812  20.849298     6.3981      7.067   304.6378 2.5735e+01     9.1357      1.682      2.440    11.1803 0.0000e+00
      1.726      0.039    10.1523     92.401     28.808  20.846852     6.3070      7.067   304.8249 2.5379e+01     9.1639      1.692      2.454    11.1792 0.0000e+00
      1.738      0.039    10.1569     92.307     28.766  20.817097     6.2858      7.067   304.8474 2.5061e+01     9.1164      1.707      2.474    11.1787 0.0000e+00
      1.749      0.038    10.1714     92.252     28.751  20.806557     6.1746      7.069   304.9098 2.4812e+01     9.1076      1.715      2.488    11.1790 0.0000e+00
      1.760      0.035    10.1608     92.246     28.806  20.846225     5.9782      7.071   305.0625 2.4565e+01     9.1604      1.726      2.503    11.1791 0.0000e+00
      1.770      0.033    10.1443     92.293     28.815  20.852881     5.8665      7.073   305.1455 2.4387e+01     9.2077      1.738      2.519    11.1795 0.0000e+00
      1.775      0.031    10.1347     92.362     28.775  20.823632     5.8396      7.075   305.3107 2.4277e+01     9.2011      1.741      2.526    11.1808 0.0000e+00
      1.780      0.031    10.1274     92.444     28.756  20.809600     5.7951      7.075   305.5112 2.4147e+01     9.1486      1.744      2.530    11.1816 0.0000e+00
      1.787      0.030    10.1260     92.558     28.757  20.810025     5.7447      7.076   305.4188 2.3918e+01     9.1542      1.751      2.540    11.1819 0.0000e+00
      1.797      0.030    10.1330     92.663     28.783  20.828781     5.7381      7.076   305.3121 2.3646e+01     9.1667      1.762      2.556    11.1819 0.0000e+00
      1.806      0.030    10.1426     92.731     28.807  20.846157     5.7562      7.076   305.3396 2.3428e+01     9.0946      1.772      2.570    11.1818 0.0000e+00
      1.814      0.030    10.1467     92.750     28.784  20.829903     5.8883      7.077   305.3206 2.3293e+01     9.0681      1.780      2.582    11.1814 0.0000e+00
      1.820      0.029    10.1653     92.732     28.774  20.822472     6.1457      7.078   305.2556 2.3196e+01     9.1536      1.786      2.590    11.1805 0.0000e+00
      1.826      0.029    10.1750     92.653     28.770  20.819708     6.2795      7.079   305.1548 2.3050e+01     9.2399      1.790      2.595    11.1798 0.0000e+00
      1.833      0.029    10.1863     92.578     28.739  20.796486     6.2827      7.080   305.2212 2.2852e+01     9.2580      1.797      2.607    11.1796 0.0000e+00
      1.841      0.031    10.1838     92.628     28.737  20.795320     6.2843      7.081   305.3700 2.2620e+01     9.2352      1.806      2.618    11.1798 0.0000e+00
      1.849      0.034    10.1863     92.761     28.752  20.805608     6.2996      7.081   305.4052 2.2414e+01     9.2378      1.814      2.631    11.1800 0.0000e+00
      1.857      0.038    10.1758     92.858     28.737  20.794071     6.3343      7.081   305.3888 2.2219e+01     9.2890      1.822      2.642    11.1798 0.0000e+00
