Data/DataNotYetUploadedToEDI/Raw_CTD/RawDownloads/031824_fcr50_S7809002.cnv
* Sea-Bird SBE19plus  Data File:
* FileName = C:\R\Reservoirs\Data\DataNotYetUploadedToEDI\Raw_CTD\RawDownloads\031824_fcr50_S7809_0002.hex
* Software version 2.8.0.119
* Temperature SN = 7809
* Conductivity SN = 7809
* System UpLoad Time = Mar 18 2024 15:45:39
* <ApplicationData>
* <Seaterm232>
# nquan = 15
# nvalues = 1769                        
# units = specified
# name 0 = depFM: Depth [fresh water, m]
# name 1 = dz/dtM: Descent Rate [m/s]
# name 2 = sbeox0Mg/L: Oxygen, SBE 43 [mg/l]
# name 3 = sbeox0PS: Oxygen, SBE 43 [% saturation]
# name 4 = specc: Specific Conductance [uS/cm]
# name 5 = c0uS/cm: Conductivity [uS/cm]
# name 6 = flECO-AFL: Fluorescence, WET Labs ECO-AFL/FL [mg/m^3]
# name 7 = ph: pH
# name 8 = orp: Oxidation Reduction Potential [mV]
# name 9 = par/sat/log: PAR/Logarithmic, Satlantic
# name 10 = turbWETntu0: Turbidity, WET Labs ECO [NTU]
# name 11 = prdM: Pressure, Strain Gauge [db]
# name 12 = prdE: Pressure, Strain Gauge [psi]
# name 13 = tv290C: Temperature [ITS-90, deg C]
# name 14 = flag:  0.000e+00
# span 0 =     -0.732,      9.530       
# span 1 =     -0.257,      0.311       
# span 2 =    -0.3053,    11.7510       
# span 3 =     -1.742,    104.741       
# span 4 =      0.270,    442.804       
# span 5 =   0.165206, 288.940999       
# span 6 =    -2.1895,   227.2282       
# span 7 =      5.280,      7.273       
# span 8 =    64.3384,   963.5297       
# span 9 = 1.2364e-01, 1.0803e+03       
# span 10 =    -8.6840,   130.2558      
# span 11 =     -0.718,      9.346      
# span 12 =     -1.042,     13.555      
# span 13 =     5.4916,    11.5825      
# span 14 = 0.0000e+00, 0.0000e+00      
# interval = seconds: 0.25
# start_time = Mar 18 2024 11:44:08 [Instrument's time stamp, header]
# bad_flag = -9.990e-29
*END*
[from data line 579]
      3.253      0.035     9.8854     83.998     37.622  25.155722    14.8208      7.133   306.3832 3.1660e+01     2.3877      3.195      4.633     8.5625 0.0000e+00
      3.264      0.033     9.8711     83.928     37.704  25.193577    14.7053      7.134   306.0609 3.1582e+01     2.2043      3.204      4.645     8.5626 0.0000e+00
      3.266      0.028     9.8589     83.881     37.737  25.212330    14.6424      7.135   306.0556 3.1582e+01     2.0414      3.202      4.644     8.5274 0.0000e+00
      3.266      0.025     9.8443     83.832     37.712  25.192205    14.6429      7.138   306.4914 3.1555e+01     2.0569      3.203      4.646     8.4748 0.0000e+00
      3.269      0.025     9.8427     83.768     37.638  25.140500    14.6212      7.139   306.9414 3.1349e+01     2.2216      3.204      4.646     8.4206 0.0000e+00
      3.276      0.029     9.8422     83.700     37.572  25.094523    14.5709      7.139   307.1949 3.1004e+01     2.3592      3.211      4.658     8.3989 0.0000e+00
      3.285      0.033     9.8352     83.629     37.565  25.080229    14.5424      7.139   307.3194 3.0700e+01     2.3540      3.221      4.673     8.4060 0.0000e+00
      3.296      0.033     9.8325     83.537     37.600  25.094499    14.5424      7.139   307.2425 3.0220e+01     2.3300      3.229      4.683     8.3994 0.0000e+00
      3.311      0.031     9.8250     83.418     37.670  25.140217    14.5136      7.139   307.0385 2.9810e+01     2.2740      3.250      4.714     8.3922 0.0000e+00
      3.321      0.030     9.8153     83.296     37.729  25.189062    14.4360      7.141   307.0046 2.9778e+01     2.1545      3.261      4.731     8.4010 0.0000e+00
      3.323      0.031     9.8129     83.192     37.689  25.177739    14.3775      7.143   307.1764 2.9757e+01     2.1154      3.258      4.724     8.3803 0.0000e+00
      3.324      0.035     9.8065     83.083     37.609  25.130173    14.3721      7.141   307.3953 2.9667e+01     2.1077      3.260      4.728     8.3625 0.0000e+00
      3.328      0.038     9.7921     82.968     37.607  25.121302    14.5287      7.140   307.5861 2.9422e+01     2.1642      3.262      4.731     8.3622 0.0000e+00
      3.340      0.040     9.7722     82.858     37.646  25.133887    14.8230      7.141   307.7623 2.8715e+01     2.2864      3.269      4.741     8.3730 0.0000e+00
      3.363      0.040     9.7553     82.756     37.706  25.155488    14.9756      7.141   307.9765 2.7987e+01     2.3209      3.300      4.786     8.4074 0.0000e+00
      3.383      0.037     9.7401     82.677     37.781  25.192201    14.9748      7.142   308.1119 2.7798e+01     2.3426      3.325      4.822     8.4147 0.0000e+00
      3.388      0.032     9.7292     82.627     37.784  25.197251    14.8643      7.143   307.7649 2.7798e+01     2.3438      3.323      4.819     8.3990 0.0000e+00
      3.388      0.028     9.7211     82.602     37.697  25.153128    14.5218      7.144   307.2219 2.7745e+01     2.2677      3.323      4.818     8.3837 0.0000e+00
      3.388      0.026     9.7139     82.597     37.600  25.102668    14.1291      7.144   307.3117 2.7730e+01     2.2082      3.325      4.821     8.3546 0.0000e+00
      3.390      0.026     9.7116     82.578     37.576  25.094508    13.9539      7.144   307.8180 2.7553e+01     2.1703      3.323      4.819     8.3278 0.0000e+00
      3.400      0.027     9.7037     82.540     37.619  25.117892    13.9259      7.144   308.0946 2.7068e+01     2.1507      3.331      4.830     8.3368 0.0000e+00
      3.417      0.028     9.6943     82.518     37.660  25.131718    13.9654      7.145   308.1608 2.6611e+01     2.1429      3.354      4.865     8.3619 0.0000e+00
      3.429      0.027     9.6916     82.538     37.676  25.134833    14.0401      7.147   308.1892 2.6506e+01     2.1101      3.368      4.885     8.3806 0.0000e+00
      3.432      0.026     9.6857     82.576     37.704  25.155544    14.0722      7.148   307.8354 2.6483e+01     2.0611      3.365      4.881     8.3984 0.0000e+00
      3.433      0.023     9.6811     82.591     37.745  25.191875    14.0954      7.150   307.2380 2.6433e+01     2.0289      3.367      4.883     8.3882 0.0000e+00
      3.435      0.019     9.6847     82.598     37.734  25.193606    14.2288      7.151   307.1611 2.6345e+01     2.0968      3.367      4.883     8.3589 0.0000e+00
      3.441      0.018     9.6893     82.640     37.708  25.176481    14.4445      7.152   307.4216 2.6045e+01     2.1988      3.371      4.888     8.3507 0.0000e+00
      3.451      0.017     9.6966     82.731     37.710  25.175081    14.5403      7.152   307.5488 2.5784e+01     2.1691      3.386      4.911     8.3549 0.0000e+00
      3.458      0.016     9.6936     82.856     37.709  25.176669    14.5294      7.153   307.7529 2.5741e+01     2.0796      3.394      4.922     8.3676 0.0000e+00
      3.460      0.014     9.6868     82.968     37.718  25.195680    14.5378      7.155   308.1679 2.5719e+01     2.0728      3.392      4.920     8.3881 0.0000e+00
      3.460      0.011     9.6933     83.035     37.714  25.214702    14.5583      7.156   308.0938 2.5678e+01     2.1203      3.393      4.921     8.3836 0.0000e+00
      3.461      0.008     9.7058     83.064     37.686  25.216429    14.5687      7.157   307.4579 2.5630e+01     2.1420      3.394      4.922     8.3741 0.0000e+00
      3.463      0.007     9.7230     83.094     37.667  25.216585    14.5719      7.157   307.1046 2.5516e+01     2.1303      3.395      4.924     8.3772 0.0000e+00
      3.466      0.010     9.7336     83.128     37.652  25.216599    14.6804      7.158   307.0912 2.5413e+01     2.1502      3.399      4.930     8.3912 0.0000e+00
      3.468      0.015     9.7329     83.122     37.648  25.216599    14.9067      7.158   307.3822 2.5392e+01     2.2112      3.402      4.935     8.4292 0.0000e+00
      3.469      0.020     9.7267     83.094     37.660  25.216601    15.0441      7.158   307.8704 2.5374e+01     2.2187      3.402      4.934     8.4595 0.0000e+00
      3.472      0.025     9.7258     83.072     37.682  25.216611    15.0609      7.157   308.0898 2.5155e+01     2.1724      3.403      4.935     8.4710 0.0000e+00
      3.482      0.030     9.7315     83.025     37.707  25.216703    15.0601      7.157   307.8834 2.4766e+01     2.1295      3.414      4.951     8.4868 0.0000e+00
      3.495      0.034     9.7262     82.977     37.734  25.217691    15.1426      7.157   307.4398 2.4522e+01     2.1101      3.429      4.974     8.4953 0.0000e+00
      3.504      0.038     9.7234     82.966     37.764  25.228540    15.3174      7.157   307.2860 2.4350e+01     2.1423      3.436      4.984     8.4802 0.0000e+00
      3.513      0.043     9.7311     82.968     37.752  25.221032    15.4251      7.157   307.4875 2.4050e+01     2.1434      3.443      4.994     8.4564 0.0000e+00
      3.523      0.048     9.7282     82.995     37.712  25.190333    15.4211      7.155   307.8105 2.3821e+01     2.0897      3.457      5.014     8.4371 0.0000e+00
      3.532      0.050     9.7248     83.045     37.711  25.174451    15.2768      7.153   308.1797 2.3605e+01     2.2107      3.463      5.021     8.4100 0.0000e+00
      3.546      0.050     9.7324     83.065     37.704  25.155832    15.0374      7.153   308.3378 2.3073e+01     2.5132      3.471      5.034     8.3924 0.0000e+00
      3.567      0.048     9.7272     83.058     37.719  25.155453    14.9149      7.153   308.3466 2.2580e+01     2.7071      3.502      5.079     8.4051 0.0000e+00
      3.584      0.045     9.7287     83.030     37.756  25.169856    14.8867      7.153   308.3724 2.2447e+01     2.7104      3.521      5.106     8.4062 0.0000e+00
      3.591      0.043     9.7487     82.962     37.719  25.139709    14.6889      7.153   308.3911 2.2278e+01     2.5188      3.519      5.104     8.3723 0.0000e+00
      3.598      0.040     9.7525     82.852     37.681  25.108039    14.3454      7.153   308.4866 2.2081e+01     2.2344      3.529      5.119     8.3531 0.0000e+00
      3.604      0.039     9.7528     82.679     37.698  25.104023    14.1713      7.153   308.5804 2.1984e+01     2.1405      3.535      5.126     8.3481 0.0000e+00
      3.611      0.040     9.7577     82.453     37.704  25.091143    14.1730      7.153   308.6646 2.1674e+01     2.1694      3.536      5.128     8.3240 0.0000e+00
      3.625      0.043     9.7483     82.225     37.705  25.079123    14.3747      7.152   308.8159 2.1317e+01     2.1404      3.557      5.159     8.3215 0.0000e+00
      3.640      0.043     9.7368     81.998     37.729  25.085516    14.7622      7.152   309.2052 2.1102e+01     2.0975      3.572      5.180     8.3240 0.0000e+00
      3.652      0.040     9.7247     81.777     37.766  25.105014    14.9794      7.152   309.5857 2.0799e+01     2.0952      3.579      5.191     8.2935 0.0000e+00
      3.665      0.035     9.6981     81.597     37.797  25.124609    15.0034      7.153   309.4596 2.0534e+01     2.1467      3.596      5.216     8.2699 0.0000e+00
      3.674      0.027     9.6770     81.481     37.797  25.132169    14.9617      7.155   309.2286 2.0439e+01     2.2075      3.605      5.229     8.2553 0.0000e+00
      3.677      0.019     9.6539     81.422     37.777  25.133016    14.8658      7.156   309.2026 2.0406e+01     2.2490      3.607      5.231     8.2399 0.0000e+00
      3.679      0.012     9.6265     81.407     37.763  25.134860    14.8173      7.157   309.2306 2.0372e+01     2.3071      3.608      5.233     8.2339 0.0000e+00
      3.680      0.006     9.6056     81.416     37.783  25.154476    14.8246      7.159   309.3092 2.0329e+01     2.3981      3.609      5.233     8.2305 0.0000e+00
      3.681      0.003     9.5900     81.426     37.809  25.179948    14.8041      7.160   309.7228 2.0317e+01     2.4262      3.610      5.235     8.2389 0.0000e+00
      3.681      0.002     9.5786     81.453     37.805  25.189172    14.5536      7.161   310.3594 2.0316e+01     2.3735      3.610      5.236     8.2646 0.0000e+00
      3.681      0.001     9.5717     81.511     37.814  25.202587    14.1086      7.162   310.6393 2.0309e+01     2.3418      3.611      5.237     8.2837 0.0000e+00
      3.681      0.001     9.5761     81.582     37.827  25.215322    13.8773      7.162   310.6978 2.0313e+01     2.3512      3.610      5.236     8.2829 0.0000e+00
      3.682      0.001     9.5724     81.664     37.817  25.216325    13.8792      7.162   310.7233 2.0319e+01     2.3838      3.611      5.237     8.2940 0.0000e+00
      3.682      0.000     9.5701     81.787     37.795  25.214714    13.9737      7.163   310.5175 2.0302e+01     2.3602      3.611      5.237     8.3154 0.0000e+00
      3.682 1.8643e-08     9.5760     81.936     37.749  25.195854    14.1368      7.164   310.3596 2.0279e+01     2.2708      3.611      5.237     8.3244 0.0000e+00
      3.682 2.0507e-07     9.5845     82.065     37.711  25.178558    14.2285      7.166   310.8797 2.0279e+01     2.1913      3.611      5.238     8.3261 0.0000e+00
      3.682 2.0507e-07     9.5898     82.167     37.729  25.195853    14.2500      7.167   311.7293 2.0286e+01     2.1510      3.611      5.237     8.3341 0.0000e+00
      3.682 1.8643e-08     9.5994     82.257     37.749  25.214721    14.3227      7.167   311.9428 2.0278e+01     2.1594      3.611      5.237     8.3559 0.0000e+00
      3.682 1.6948e-09     9.6173     82.352     37.740  25.216436    14.4336      7.167   311.8263 2.0277e+01     2.1212      3.611      5.237     8.3727 0.0000e+00
      3.682 1.5408e-10     9.6286     82.447     37.724  25.216601    14.4828      7.166   311.6973 2.0283e+01     2.0993      3.612      5.238     8.3820 0.0000e+00
      3.682 1.4007e-11     9.6391     82.514     37.703  25.216727    14.4845      7.166   311.4161 2.0270e+01     2.1681      3.611      5.237     8.3889 0.0000e+00
      3.682 1.2734e-12     9.6473     82.564     37.682  25.217977    14.5382      7.167   311.3509 2.0259e+01     2.2349      3.611      5.237     8.3938 0.0000e+00
      3.682 1.1576e-13     9.6555     82.617     37.691  25.231719    14.6407      7.167   311.8559 2.0271e+01     2.2929      3.611      5.237     8.4057 0.0000e+00
      3.682 1.0528e-14     9.6661     82.663     37.726  25.256058    14.6920      7.168   312.7032 2.0262e+01     2.3223      3.611      5.237     8.4184 0.0000e+00
      3.682 1.0085e-15     9.6686     82.723     37.730  25.258573    14.6921      7.169   313.0785 2.0217e+01     2.3513      3.611      5.237     8.4374 0.0000e+00
      3.682 6.5694e-16     9.6654     82.780     37.730  25.262137    14.6930      7.170   313.0376 2.0174e+01     2.4048      3.611      5.237     8.4656 0.0000e+00
      3.682 6.2776e-15     9.6724     82.802     37.768  25.299148    14.6771      7.171   312.9823 2.0158e+01     2.4227      3.611      5.238     8.4746 0.0000e+00
      3.682 6.8967e-14     9.6764     82.844     37.778  25.325573    14.6491      7.172   312.7541 2.0177e+01     2.3965      3.611      5.237     8.4697 0.0000e+00
      3.682 7.5863e-13     9.6833     82.921     37.752  25.327973    14.6381      7.172   312.5158 2.0186e+01     2.3618      3.611      5.237     8.4696 0.0000e+00
      3.682 8.3449e-12     9.6948     82.995     37.732  25.328190    14.6438      7.173   312.7687 2.0167e+01     2.3444      3.612      5.238     8.4717 0.0000e+00
      3.682 9.1794e-11     9.6875     83.062     37.722  25.328208    14.6101      7.174   313.4022 2.0150e+01     2.4250      3.611      5.237     8.4859 0.0000e+00
      3.682 1.0097e-09     9.6849     83.111     37.726  25.328200    14.5298      7.175   313.8089 2.0137e+01     2.5852      3.611      5.238     8.5186 0.0000e+00
      3.682 1.1107e-08     9.6914     83.131     37.731  25.328097    14.4802      7.175   313.8142 2.0134e+01     2.6417      3.611      5.237     8.5460 0.0000e+00
      3.682 1.2218e-07     9.6933     83.146     37.725  25.326953    14.4766      7.175   313.6377 2.0132e+01     2.6296      3.610      5.237     8.5648 0.0000e+00
      3.682      0.000     9.7001     83.177     37.694  25.314363    14.4776      7.175   313.7399 2.0119e+01     2.6103      3.611      5.237     8.5773 0.0000e+00
      3.682      0.000     9.7084     83.188     37.662  25.302722    14.4509      7.176   314.0179 2.0112e+01     2.5447      3.611      5.237     8.5670 0.0000e+00
      3.682      0.000     9.7130     83.183     37.658  25.313050    14.4123      7.177   314.0732 2.0113e+01     2.5193      3.612      5.238     8.5561 0.0000e+00
      3.682      0.002     9.7094     83.204     37.635  25.312419    14.4106      7.177   314.2360 2.0128e+01     2.5426      3.611      5.238     8.5637 0.0000e+00
      3.682      0.015     9.7144     83.231     37.585  25.295103    14.5048      7.173   315.1261 2.0143e+01     2.5880      3.611      5.237     8.5757 0.0000e+00
      3.682      0.056     9.7130     83.242     37.483  25.230531    14.6526      7.161   316.6622 2.0121e+01     2.6234      3.611      5.237     8.5892 0.0000e+00
      3.683      0.131     9.7028     83.222     37.350  25.102469    14.7079      7.146   317.6659 2.0051e+01     2.5941      3.612      5.239     8.6065 0.0000e+00
      3.689      0.215     9.7052     83.122     37.369  25.015059    14.5818      7.136   317.5391 1.9717e+01     2.5751      3.611      5.237     8.6257 0.0000e+00
      3.733      0.280     9.7017     82.889     37.541  24.997997    13.2861      7.135   317.0221 1.8284e+01     2.6681      3.625      5.257     8.6508 0.0000e+00
      3.856      0.311     9.6983     82.514     37.737  25.022871    10.9280      7.137   316.5768 1.5519e+01     2.8304      3.756      5.448     8.6732 0.0000e+00
      4.026      0.309     9.7063     82.062     37.867  25.062024     9.6494      7.141   316.1997 1.2992e+01     2.8971      3.974      5.764     8.6386 0.0000e+00
