Data/DataNotYetUploadedToEDI/Raw_CTD/RawDownloads/031824_bvr50_S7809001.cnv
* Sea-Bird SBE19plus  Data File:
* FileName = C:\R\Reservoirs\Data\DataNotYetUploadedToEDI\Raw_CTD\RawDownloads\031824_fcr50_S7809_0001.hex
* Software version 2.8.0.119
* Temperature SN = 7809
* Conductivity SN = 7809
* System UpLoad Time = Mar 18 2024 15:44:53
* <ApplicationData>
* <Seaterm232>
# nquan = 15
# nvalues = 1490                        
# units = specified
# name 0 = depFM: Depth [fresh water, m]
# name 1 = dz/dtM: Descent Rate [m/s]
# name 2 = sbeox0Mg/L: Oxygen, SBE 43 [mg/l]
# name 3 = sbeox0PS: Oxygen, SBE 43 [% saturation]
# name 4 = specc: Specific Conductance [uS/cm]
# name 5 = c0uS/cm: Conductivity [uS/cm]
# name 6 = flECO-AFL: Fluorescence, WET Labs ECO-AFL/FL [mg/m^3]
# name 7 = ph: pH
# name 8 = orp: Oxidation Reduction Potential [mV]
# name 9 = par/sat/log: PAR/Logarithmic, Satlantic
# name 10 = turbWETntu0: Turbidity, WET Labs ECO [NTU]
# name 11 = prdM: Pressure, Strain Gauge [db]
# name 12 = prdE: Pressure, Strain Gauge [psi]
# name 13 = tv290C: Temperature [ITS-90, deg C]
# name 14 = flag:  0.000e+00
# span 0 =     -0.824,      9.374       
# span 1 =     -0.268,      0.115       
# span 2 =     8.2278,    11.7077       
# span 3 =     69.387,    101.920       
# span 4 =      0.143,     40.720       
# span 5 =   0.087826,  28.071698       
# span 6 =    -0.1433,    39.8711       
# span 7 =     -2.388,     10.809       
# span 8 =  -666.8153,  1240.2256       
# span 9 = 1.2368e-01, 4.1410e+02       
# span 10 =    -0.3303,   501.5686      
# span 11 =     -0.808,      9.194      
# span 12 =     -1.173,     13.335      
# span 13 =     5.5497,    11.1823      
# span 14 = 0.0000e+00, 0.0000e+00      
# interval = seconds: 0.25
# start_time = Mar 18 2024 10:14:58 [Instrument's time stamp, header]
# bad_flag = -9.990e-29
*END*
[from data line 97]
     -0.751     -0.148    10.5242     91.244      6.115   4.192040     3.0830      7.197   425.5350 3.1268e+02     8.2134     -0.755     -1.096     9.4549 0.0000e+00
     -0.786     -0.128    10.5066     91.072      5.313   3.637790     3.0770      7.198   588.4153 3.1383e+02     8.3791     -0.785     -1.139     9.4359 0.0000e+00
     -0.791     -0.094    10.4957     91.024      4.978   3.405906     3.0570      7.198   771.8816 3.1818e+02     9.9074     -0.771     -1.117     9.3998 0.0000e+00
     -0.797     -0.057    10.4958     91.049      4.532   3.098812     2.7589      7.189   952.5373 3.1913e+02    26.3504     -0.776     -1.126     9.3183 0.0000e+00
     -0.811     -0.031    10.4799     91.117      3.876   2.648759     2.2278      7.176  1110.8592 3.2213e+02    56.5134     -0.801     -1.162     9.2605 0.0000e+00
     -0.820     -0.019    10.4627     91.230      3.326   2.272039     1.9538      7.164  1207.2091 3.2181e+02    72.9091     -0.807     -1.170     9.2253 0.0000e+00
     -0.823     -0.015    10.4703     91.362      2.971   2.028030     1.9424      7.154  1237.2276 3.1997e+02    73.0246     -0.806     -1.169     9.1990 0.0000e+00
     -0.823     -0.009    10.4771     91.534      2.715   1.852238     2.0736      7.147  1239.9566 3.1659e+02    57.6025     -0.807     -1.170     9.1854 0.0000e+00
     -0.823     -0.003    10.4861     91.732      2.630   1.793534     2.3418      7.144  1240.2046 3.1049e+02    29.1261     -0.806     -1.170     9.1719 0.0000e+00
     -0.823     -0.000    10.5080     91.856      2.677   1.825012     2.4972      7.149  1240.2256 3.0703e+02    13.6083     -0.807     -1.171     9.1523 0.0000e+00
     -0.823      0.000    10.5260     91.897      2.627   1.789419     2.5116      7.168  1240.2116 3.0836e+02    12.2171     -0.807     -1.170     9.1312 0.0000e+00
     -0.823      0.000    10.5489     91.925      2.467   1.679903     2.6162      7.205  1240.0350 3.1170e+02    12.3397     -0.807     -1.170     9.1118 0.0000e+00
     -0.823      0.000    10.5846     91.935      2.318   1.577724     2.8301      7.268  1238.0900 3.1414e+02    12.8026     -0.807     -1.170     9.0951 0.0000e+00
     -0.823      0.002    10.6027     91.931      2.304   1.567498     2.9413      7.421  1216.6949 3.1462e+02    13.0312     -0.807     -1.170     9.0791 0.0000e+00
     -0.822      0.007    10.6045     91.940      2.660   1.809637     2.9462      7.496   981.3490 3.1312e+02    12.9167     -0.806     -1.169     9.0650 0.0000e+00
     -0.822      0.016    10.6149     91.949      3.452   2.351672     2.9800      7.302   549.5466 3.0973e+02    11.8630     -0.807     -1.170     9.0491 0.0000e+00
     -0.822      0.029    10.6187     91.925      5.097   3.496935     3.0422      7.115   313.8615 3.0617e+02    10.0260     -0.807     -1.170     9.0374 0.0000e+00
     -0.817      0.042    10.6202     91.879      9.057   6.281150     3.0824      7.076   292.8351 3.0697e+02     9.0836     -0.804     -1.167     9.0205 0.0000e+00
     -0.802      0.053    10.6240     91.824     13.822   9.657948     3.0827      7.071   291.8761 3.1732e+02     9.0093     -0.789     -1.145     9.0140 0.0000e+00
     -0.779      0.059    10.6333     91.770     16.102  11.313349     3.0797      7.073   292.3716 3.3731e+02     8.9908     -0.765     -1.109     8.9913 0.0000e+00
     -0.756      0.059    10.5997     91.729     16.704  11.785756     3.2300      7.077   292.5457 3.5876e+02     8.9955     -0.739     -1.072     9.1059 0.0000e+00
     -0.738      0.053    10.4909     91.707     17.159  12.137670     3.5184      7.080   294.5829 3.7420e+02     8.9640     -0.721     -1.045     9.5156 0.0000e+00
     -0.727      0.045    10.3854     91.710     19.825  14.047347     3.6694      7.084   302.2050 3.8828e+02     8.8835     -0.712     -1.032     9.9151 0.0000e+00
     -0.720      0.045    10.3211     91.711     25.571  18.140801     3.6668      7.085   312.6885 4.0163e+02     8.8765     -0.705     -1.023    10.1500 0.0000e+00
     -0.717      0.054    10.2825     91.698     29.735  21.124441     3.6201      7.084   317.6613 4.0871e+02     8.9817     -0.703     -1.019    10.2923 0.0000e+00
     -0.715      0.069    10.2591     91.720     30.510  21.721448     3.5458      7.082   317.5898 4.1410e+02     9.0281     -0.704     -1.022    10.3746 0.0000e+00
     -0.700      0.085    10.2484     91.756     30.199  21.555029     3.5000      7.080   317.1591 4.1034e+02     8.9598     -0.698     -1.012    10.4254 0.0000e+00
     -0.665      0.096    10.2434     91.760     29.899  21.395012     3.4911      7.077   316.9271 3.9127e+02     8.8733     -0.656     -0.951    10.4563 0.0000e+00
     -0.620      0.100    10.2253     91.816     29.711  21.308520     3.5216      7.076   316.6780 3.7750e+02     8.8700     -0.601     -0.873    10.5057 0.0000e+00
     -0.586      0.095    10.2078     91.935     29.608  21.270188     3.5856      7.075   316.2985 3.8133e+02     8.9542     -0.571     -0.828    10.5895 0.0000e+00
     -0.565      0.084    10.1965     92.037     29.549  21.248617     3.6148      7.071   315.6087 3.8992e+02     9.0030     -0.552     -0.801    10.6870 0.0000e+00
     -0.553      0.069    10.1653     92.116     29.608  21.301353     3.6093      7.066   313.7572 3.9218e+02     8.9815     -0.539     -0.783    10.7786 0.0000e+00
     -0.546      0.059    10.1516     92.188     29.742  21.400571     3.6193      7.059   311.8091 3.8976e+02     8.9340     -0.536     -0.778    10.8655 0.0000e+00
     -0.537      0.054    10.1573     92.376     29.699  21.370346     3.6440      7.054   311.8431 3.8470e+02     8.9058     -0.530     -0.768    10.9258 0.0000e+00
     -0.522      0.052    10.1583     92.950     29.536  21.252935     3.6661      7.051   311.7593 3.7775e+02     8.9483     -0.515     -0.745    10.9586 0.0000e+00
     -0.502      0.051    10.1631     93.770     29.442  21.185690     3.6867      7.048   310.3649 3.7338e+02     8.9697     -0.492     -0.713    10.9744 0.0000e+00
     -0.484      0.047    10.1711     94.317     29.360  21.127943     3.8183      7.046   310.1274 3.7446e+02     8.9597     -0.471     -0.683    10.9757 0.0000e+00
     -0.472      0.039    10.1717     94.509     29.270  21.061967     4.0754      7.043   310.5219 3.7769e+02     8.9987     -0.460     -0.668    10.9751 0.0000e+00
     -0.466      0.029    10.2367     94.587     29.224  21.022027     4.2315      7.041   309.8006 3.8021e+02     8.9967     -0.457     -0.663    10.9749 0.0000e+00
     -0.462      0.019    10.3658     94.598     29.240  21.025463     4.2490      7.038   306.2240 3.8221e+02     8.9357     -0.454     -0.658    10.9755 0.0000e+00
     -0.460      0.013    10.4207     94.388     29.268  21.040100     4.2376      7.035   299.8005 3.8302e+02     8.9097     -0.451     -0.654    10.9794 0.0000e+00
     -0.459      0.011    10.4267     93.936     29.227  21.008779     4.2020      7.030   295.1151 3.8273e+02     8.9558     -0.450     -0.652    10.9793 0.0000e+00
     -0.458      0.013    10.4384     93.407     29.165  20.963784     4.1592      7.021   292.2496 3.8303e+02     9.0158     -0.450     -0.652    10.9662 0.0000e+00
     -0.456      0.019    10.4517     92.741     29.132  20.939919     4.1363      7.002   287.6095 3.8588e+02     8.9863     -0.448     -0.649    10.9480 0.0000e+00
     -0.451      0.032    10.4385     92.037     29.182  20.973836     4.1252      6.983   285.9030 3.9153e+02     8.9068     -0.443     -0.642    10.9383 0.0000e+00
     -0.444      0.048    10.3676     91.710     29.388  21.120244     4.1405      6.978   287.7067 3.9615e+02     8.9081     -0.435     -0.631    10.9369 0.0000e+00
     -0.435      0.060    10.3221     91.822     29.588  21.251799     4.1800      6.979   285.5846 3.9730e+02     8.9673     -0.429     -0.621    10.9379 0.0000e+00
     -0.417      0.064    10.2509     92.193     29.611  21.232928     4.2038      6.982   282.5290 3.8746e+02     9.0073     -0.417     -0.605    10.9372 0.0000e+00
     -0.385      0.060    10.1398     92.673     29.547  21.145668     4.2038      6.985   282.3381 3.6151e+02     9.0167     -0.378     -0.549    10.9334 0.0000e+00
     -0.355      0.050    10.1112     93.168     29.481  21.084370     4.2210      6.987   282.7610 3.3760e+02     9.0124     -0.337     -0.489    10.9334 0.0000e+00
     -0.345      0.039    10.1315     93.655     29.429  21.062420     4.2791      6.987   283.0815 3.3312e+02     9.0234     -0.332     -0.481    10.9293 0.0000e+00
     -0.350      0.026    10.1950     94.104     29.411  21.070506     4.3243      6.987   283.2010 3.4070e+02     9.0132     -0.344     -0.499    10.8585 0.0000e+00
     -0.355      0.013    10.2768     94.397     29.369  21.055361     4.3258      6.987   283.5178 3.4540e+02     8.9581     -0.351     -0.508    10.7563 0.0000e+00
     -0.355      0.006    10.3361     94.455     29.287  21.006125     4.3972      6.985   284.2443 3.4525e+02     8.9374     -0.350     -0.507    10.7369 0.0000e+00
     -0.350      0.005    10.3793     94.379     29.242  20.982448     4.5713      6.983   285.0164 3.4447e+02     8.9673     -0.344     -0.499    10.7823 0.0000e+00
     -0.344      0.005    10.4242     94.284     29.197  20.959304     4.6830      6.981   285.6263 3.4298e+02     8.9780     -0.336     -0.487    10.8229 0.0000e+00
     -0.340      0.002    10.4588     94.215     29.119  20.916524     4.6994      6.979   286.1979 3.4027e+02     8.9646     -0.331     -0.480    10.8452 0.0000e+00
     -0.340     -0.003    10.4521     94.148     29.090  20.909051     4.6034      6.979   286.5938 3.3695e+02     8.9419     -0.332     -0.482    10.8616 0.0000e+00
     -0.345     -0.007    10.4380     94.073     29.105  20.932361     4.4128      6.978   286.7994 3.3283e+02     8.9421     -0.338     -0.490    10.8725 0.0000e+00
     -0.350     -0.008    10.4210     94.031     29.107  20.944765     4.3175      6.975   287.0485 3.2868e+02     8.9681     -0.344     -0.499    10.8876 0.0000e+00
     -0.355     -0.008    10.4095     94.044     29.078  20.932224     4.3165      6.973   287.2828 3.2681e+02     8.9483     -0.349     -0.507    10.9129 0.0000e+00
     -0.356     -0.006    10.3980     94.184     29.035  20.907554     4.3180      6.973   287.3949 3.2713e+02     8.9075     -0.350     -0.508    10.9374 0.0000e+00
     -0.355     -0.002    10.3799     94.736     29.017  20.900108     4.4015      6.973   287.4584 3.2757e+02     8.9190     -0.348     -0.505    10.9592 0.0000e+00
     -0.354      0.000    10.3724     96.145     29.018  20.905602     4.5773      6.974   287.6195 3.2805e+02     8.9507     -0.348     -0.504    10.9769 0.0000e+00
     -0.353      0.000    10.3686     98.406     29.018  20.910586     4.6877      6.974   287.7941 3.2910e+02     8.9840     -0.347     -0.502    10.9908 0.0000e+00
     -0.353      0.000    10.3719    100.625     28.994  20.896961     4.6951      6.971   287.7622 3.2928e+02     8.9798     -0.345     -0.500    11.0023 0.0000e+00
     -0.353      0.000    10.4078    101.873     28.951  20.867672     4.6746      6.970   287.6645 3.2770e+02     8.9342     -0.345     -0.500    11.0114 0.0000e+00
     -0.355      0.002    10.5499    101.920     28.958  20.873483     4.6736      6.972   287.8171 3.2522e+02     8.9443     -0.349     -0.506    11.0193 0.0000e+00
     -0.357      0.005    10.8459    100.859     28.999  20.903826     4.6911      6.973   288.1447 3.2317e+02     8.9996     -0.352     -0.511    11.0278 0.0000e+00
     -0.355      0.007    11.1349     98.830     29.018  20.917522     4.6959      6.973   288.4424 3.2307e+02     8.9877     -0.349     -0.507    11.0351 0.0000e+00
     -0.351      0.009    11.2686     96.045     29.009  20.912272     4.7310      6.973   288.8349 3.2521e+02     8.9027     -0.345     -0.501    11.0378 0.0000e+00
     -0.346      0.009    11.2705     92.816     28.996  20.903742     4.8074      6.973   289.2772 3.2719e+02     8.8612     -0.339     -0.492    11.0388 0.0000e+00
     -0.342      0.008    11.1480     89.567     28.959  20.877800     4.8535      6.973   289.6600 3.2748e+02     8.8612     -0.334     -0.485    11.0405 0.0000e+00
     -0.341      0.006    10.9168     86.776     28.923  20.852230     4.8642      6.974   290.1081 3.2711e+02     8.8678     -0.334     -0.484    11.0408 0.0000e+00
     -0.342      0.004    10.5983     84.714     28.917  20.848200     4.7953      6.973   290.5646 3.2693e+02     8.8731     -0.335     -0.486    11.0410 0.0000e+00
     -0.342      0.004    10.2252     83.256     28.892  20.829074     4.6531      6.973   290.8785 3.2706e+02     8.8917     -0.336     -0.487    11.0429 0.0000e+00
     -0.342      0.005     9.8479     82.202     28.869  20.811192     4.5845      6.973   290.8918 3.2728e+02     8.9222     -0.335     -0.486    11.0443 0.0000e+00
     -0.341      0.007     9.5234     81.447     28.889  20.822193     4.5988      6.972   290.8978 3.2788e+02     8.9333     -0.334     -0.485    11.0447 0.0000e+00
     -0.338      0.008     9.3092     80.910     28.912  20.835278     4.6834      6.972   291.2084 3.2900e+02     8.9579     -0.332     -0.480    11.0454 0.0000e+00
     -0.334      0.008     9.1564     80.640     28.925  20.842590     4.8264      6.972   291.3788 3.2981e+02     8.9461     -0.328     -0.476    11.0454 0.0000e+00
     -0.331      0.006     9.0431     80.956     28.932  20.847200     4.9122      6.971   291.4087 3.3078e+02     8.9273     -0.325     -0.471    11.0417 0.0000e+00
     -0.327      0.002     8.9655     81.905     28.897  20.827600     4.9302      6.968   291.6552 3.3286e+02     8.9696     -0.320     -0.464    11.0346 0.0000e+00
     -0.326     -0.003     8.9099     82.818     28.834  20.795835     4.9193      6.966   291.7785 3.3444e+02     8.9800     -0.317     -0.460    11.0287 0.0000e+00
     -0.330     -0.006     8.8637     83.324     28.792  20.780171     4.8553      6.966   291.5228 3.3349e+02     8.9165     -0.323     -0.468    11.0257 0.0000e+00
     -0.335     -0.007     8.8830     83.749     28.759  20.765027     4.7639      6.966   291.3169 3.3098e+02     8.9186     -0.329     -0.477    11.0216 0.0000e+00
     -0.339     -0.006     9.0328     84.345     28.722  20.739556     4.7132      6.965   291.3539 3.2882e+02     8.9707     -0.332     -0.481    11.0282 0.0000e+00
     -0.341     -0.004     9.1466     85.112     28.705  20.725816     4.6918      6.963   291.4544 3.2828e+02     8.9327     -0.335     -0.487    11.0591 0.0000e+00
     -0.341     -0.001     9.1651     85.786     28.709  20.725710     4.6050      6.962   291.6717 3.2908e+02     8.9028     -0.336     -0.487    11.0895 0.0000e+00
     -0.339      0.003     9.2061     86.110     28.731  20.738267     4.4544      6.962   291.8306 3.2936e+02     8.9512     -0.331     -0.481    11.1030 0.0000e+00
     -0.336      0.006     9.2680     86.288     28.755  20.750835     4.3784      6.960   291.7402 3.2749e+02     9.0054     -0.329     -0.477    11.1032 0.0000e+00
     -0.335      0.009     9.3642     86.510     28.762  20.750854     4.3841      6.959   291.7834 3.2291e+02     9.0115     -0.329     -0.476    11.0984 0.0000e+00
     -0.334      0.011     9.4618     86.625     28.751  20.738487     4.4236      6.960   292.0952 3.1896e+02     8.9902     -0.329     -0.476    11.0944 0.0000e+00
     -0.332      0.011     9.4788     86.560     28.740  20.728112     4.5062      6.960   292.4125 3.1912e+02     8.9869     -0.327     -0.473    11.0878 0.0000e+00
     -0.328      0.010     9.4897     86.543     28.775  20.752217     4.5672      6.960   292.7810 3.2172e+02     9.0062     -0.322     -0.467    11.0808 0.0000e+00
     -0.323      0.009     9.5284     86.753     28.805  20.776321     4.5950      6.960   293.1095 3.2402e+02     9.0186     -0.316     -0.459    11.0712 0.0000e+00
