Data/DataNotYetUploadedToEDI/Raw_CTD/RawDownloads/031824_fcr50_S7809002.cnv
* Sea-Bird SBE19plus  Data File:
* FileName = C:\R\Reservoirs\Data\DataNotYetUploadedToEDI\Raw_CTD\RawDownloads\031824_fcr50_S7809_0002.hex
* Software version 2.8.0.119
* Temperature SN = 7809
* Conductivity SN = 7809
* System UpLoad Time = Mar 18 2024 15:45:39
* <ApplicationData>
* <Seaterm232>
# nquan = 15
# nvalues = 1769                        
# units = specified
# name 0 = depFM: Depth [fresh water, m]
# name 1 = dz/dtM: Descent Rate [m/s]
# name 2 = sbeox0Mg/L: Oxygen, SBE 43 [mg/l]
# name 3 = sbeox0PS: Oxygen, SBE 43 [% saturation]
# name 4 = specc: Specific Conductance [uS/cm]
# name 5 = c0uS/cm: Conductivity [uS/cm]
# name 6 = flECO-AFL: Fluorescence, WET Labs ECO-AFL/FL [mg/m^3]
# name 7 = ph: pH
# name 8 = orp: Oxidation Reduction Potential [mV]
# name 9 = par/sat/log: PAR/Logarithmic, Satlantic
# name 10 = turbWETntu0: Turbidity, WET Labs ECO [NTU]
# name 11 = prdM: Pressure, Strain Gauge [db]
# name 12 = prdE: Pressure, Strain Gauge [psi]
# name 13 = tv290C: Temperature [ITS-90, deg C]
# name 14 = flag:  0.000e+00
# span 0 =     -0.732,      9.530       
# span 1 =     -0.257,      0.311       
# span 2 =    -0.3053,    11.7510       
# span 3 =     -1.742,    104.741       
# span 4 =      0.270,    442.804       
# span 5 =   0.165206, 288.940999       
# span 6 =    -2.1895,   227.2282       
# span 7 =      5.280,      7.273       
# span 8 =    64.3384,   963.5297       
# span 9 = 1.2364e-01, 1.0803e+03       
# span 10 =    -8.6840,   130.2558      
# span 11 =     -0.718,      9.346      
# span 12 =     -1.042,     13.555      
# span 13 =     5.4916,    11.5825      
# span 14 = 0.0000e+00, 0.0000e+00      
# interval = seconds: 0.25
# start_time = Mar 18 2024 11:44:08 [Instrument's time stamp, header]
# bad_flag = -9.990e-29
*END*
[from data line 1350]
      6.305     -0.084    10.3725     86.558     38.820  25.289358     3.6444      7.205   334.0778 1.0407e+00    41.3334      6.188      8.975     7.5704 0.0000e+00
      6.280     -0.080    10.3672     86.523     38.820  25.289365     3.6297      7.207   334.3003 1.0782e+00    41.9486      6.158      8.932     7.5708 0.0000e+00
      6.253     -0.076    10.3660     86.483     38.861  25.315950     3.6648      7.209   334.8208 1.1103e+00    45.2225      6.131      8.892     7.5710 0.0000e+00
      6.229     -0.068    10.3635     86.457     38.925  25.357107     3.7273      7.209   334.6918 1.1562e+00    51.0627      6.108      8.859     7.5709 0.0000e+00
      6.209     -0.058    10.3578     86.458     39.001  25.406480     3.7531      7.206   333.6868 1.1914e+00    54.2175      6.086      8.828     7.5708 0.0000e+00
      6.197     -0.053    10.3556     86.476     39.000  25.405555     3.7442      7.202   332.9946 1.1869e+00    54.3986      6.072      8.808     7.5706 0.0000e+00
      6.195     -0.053    10.3488     86.505     38.908  25.345923     3.7455      7.203   332.9469 1.1790e+00    53.5602      6.073      8.809     7.5703 0.0000e+00
      6.195     -0.058    10.3451     86.540     38.868  25.319672     3.7605      7.206   333.1967 1.1990e+00    51.9721      6.080      8.819     7.5701 0.0000e+00
      6.183     -0.066    10.3467     86.566     38.903  25.341827     3.7580      7.206   333.4337 1.2450e+00    51.0470      6.071      8.806     7.5696 0.0000e+00
      6.153     -0.076    10.3484     86.553     38.931  25.360124     3.7329      7.207   333.4895 1.3114e+00    50.9494      6.035      8.753     7.5692 0.0000e+00
      6.121     -0.085    10.3525     86.510     39.015  25.414062     3.7226      7.209   333.5269 1.3592e+00    50.8603      5.998      8.699     7.5692 0.0000e+00
      6.098     -0.088    10.3564     86.462     39.126  25.486629     3.8085      7.210   333.4551 1.3786e+00    49.5934      5.980      8.673     7.5690 0.0000e+00
      6.078     -0.082    10.3626     86.409     39.111  25.476479     3.9644      7.211   333.3109 1.4033e+00    47.2794      5.963      8.648     7.5688 0.0000e+00
      6.057     -0.070    10.3599     86.371     39.021  25.418186     4.0344      7.212   333.3324 1.4384e+00    46.0081      5.937      8.613     7.5687 0.0000e+00
      6.038     -0.061    10.3529     86.364     39.019  25.416013     4.0216      7.211   333.2844 1.4683e+00    45.8364      5.920      8.586     7.5682 0.0000e+00
      6.025     -0.059    10.3485     86.361     39.072  25.450199     4.0177      7.211   333.0744 1.4817e+00    44.9637      5.906      8.566     7.5678 0.0000e+00
      6.018     -0.064    10.3412     86.345     39.074  25.451010     4.0297      7.214   333.1154 1.4863e+00    43.2449      5.900      8.557     7.5679 0.0000e+00
      6.011     -0.072    10.3346     86.319     39.034  25.425819     4.0412      7.216   333.6084 1.5064e+00    42.2032      5.900      8.558     7.5678 0.0000e+00
      5.993     -0.084    10.3363     86.253     38.993  25.399295     4.0403      7.216   334.0457 1.5536e+00    41.8992      5.884      8.534     7.5672 0.0000e+00
      5.963     -0.099    10.3374     86.131     38.969  25.383990     4.0033      7.217   334.0147 1.6200e+00    40.2521      5.848      8.481     7.5663 0.0000e+00
      5.930     -0.115    10.3338     86.003     38.943  25.367620     3.9511      7.219   333.9216 1.6824e+00    37.2836      5.813      8.430     7.5662 0.0000e+00
      5.901     -0.127    10.3327     85.888     38.882  25.328196     3.9252      7.221   333.9525 1.7345e+00    35.6578      5.789      8.397     7.5668 0.0000e+00
      5.869     -0.129    10.3267     85.779     38.819  25.287838     3.9138      7.222   333.8718 1.8138e+00    35.5915      5.758      8.351     7.5673 0.0000e+00
      5.831     -0.119    10.3076     85.724     38.776  25.260173     3.9142      7.220   333.6353 1.9282e+00    36.8919      5.717      8.292     7.5676 0.0000e+00
      5.791     -0.106    10.2916     85.767     38.757  25.247385     3.9216      7.216   334.0174 2.0293e+00    39.3562      5.677      8.235     7.5680 0.0000e+00
      5.759     -0.095    10.2805     85.897     38.777  25.260058     3.9290      7.214   335.0508 2.0818e+00    40.7238      5.640      8.180     7.5686 0.0000e+00
      5.745     -0.084    10.2624     86.059     38.818  25.286565     3.9360      7.215   335.6323 2.0915e+00    40.8226      5.627      8.163     7.5691 0.0000e+00
      5.740     -0.072    10.2548     86.214     38.861  25.314197     3.9322      7.216   335.8004 2.1161e+00    40.7899      5.636      8.173     7.5697 0.0000e+00
      5.726     -0.062    10.2597     86.371     38.901  25.340479     3.9580      7.216   335.8784 2.1794e+00    41.4905      5.621      8.152     7.5699 0.0000e+00
      5.702     -0.060    10.2786     86.521     38.917  25.350659     4.0228      7.216   335.5433 2.2335e+00    42.9393      5.587      8.104     7.5694 0.0000e+00
      5.682     -0.068    10.3009     86.670     38.855  25.310435     4.0491      7.216   334.9319 2.2633e+00    43.7208      5.568      8.076     7.5694 0.0000e+00
      5.672     -0.081    10.3163     86.795     38.740  25.234657     4.0353      7.217   335.0256 2.2859e+00    43.4937      5.563      8.070     7.5692 0.0000e+00
      5.661     -0.091    10.3381     86.864     38.680  25.195462     4.0050      7.220   335.7295 2.3387e+00    40.1932      5.557      8.059     7.5688 0.0000e+00
      5.637     -0.098    10.3542     86.874     38.713  25.217054     3.9576      7.221   336.0429 2.4478e+00    34.1485      5.535      8.026     7.5683 0.0000e+00
      5.602     -0.102    10.3732     86.820     38.751  25.242046     3.9371      7.220   336.0624 2.5723e+00    30.8696      5.494      7.969     7.5679 0.0000e+00
      5.564     -0.100    10.3913     86.743     38.755  25.243956     3.9496      7.220   335.9657 2.6628e+00    30.2329      5.454      7.909     7.5676 0.0000e+00
      5.531     -0.088    10.3970     86.692     38.749  25.240151     4.1827      7.220   335.8199 2.7219e+00    26.5187      5.422      7.863     7.5674 0.0000e+00
      5.509     -0.067    10.4013     86.661     38.682  25.196038     4.6502      7.218   335.8475 2.7581e+00    19.9152      5.396      7.828     7.5674 0.0000e+00
      5.498     -0.043    10.3918     86.645     38.618  25.154530     4.9238      7.215   335.7833 2.7600e+00    16.3875      5.389      7.816     7.5673 0.0000e+00
      5.494     -0.026    10.3790     86.671     38.660  25.182215     4.9605      7.213   335.6462 2.7452e+00    15.9745      5.387      7.813     7.5673 0.0000e+00
      5.497     -0.020    10.3752     86.749     38.708  25.213675     5.0363      7.213   335.6522 2.7193e+00    14.3419      5.387      7.814     7.5672 0.0000e+00
      5.504     -0.024    10.3720     86.859     38.715  25.217819     5.1822      7.213   335.5973 2.7016e+00    11.3709      5.401      7.834     7.5670 0.0000e+00
      5.502     -0.034    10.3680     87.004     38.737  25.232323     5.2768      7.215   335.4989 2.7481e+00     9.8049      5.403      7.836     7.5668 0.0000e+00
      5.486     -0.045    10.3703     87.194     38.783  25.262196     5.2983      7.217   335.4959 2.8377e+00     9.8571      5.382      7.804     7.5666 0.0000e+00
      5.465     -0.053    10.3816     87.384     38.880  25.325336     5.2666      7.217   335.4745 2.9097e+00    11.1818      5.358      7.771     7.5667 0.0000e+00
      5.444     -0.053    10.3947     87.520     38.935  25.361541     5.1931      7.217   335.2403 2.9584e+00    13.5584      5.338      7.742     7.5668 0.0000e+00
      5.425     -0.048    10.4099     87.617     38.870  25.319436     5.1505      7.217   334.7291 3.0009e+00    14.8855      5.317      7.712     7.5667 0.0000e+00
      5.414     -0.042    10.4350     87.673     38.877  25.323607     5.1512      7.217   334.2833 3.0112e+00    15.0677      5.304      7.694     7.5668 0.0000e+00
      5.413     -0.039    10.4624     87.672     39.012  25.411967     5.1510      7.217   334.2388 2.9993e+00    15.2146      5.307      7.698     7.5668 0.0000e+00
      5.414     -0.039    10.4755     87.629     39.147  25.499913     5.0647      7.216   334.4484 3.0313e+00    16.5936      5.313      7.707     7.5669 0.0000e+00
      5.406     -0.044    10.4873     87.548     39.146  25.499074     4.9070      7.216   334.4949 3.1134e+00    19.2384      5.306      7.697     7.5670 0.0000e+00
      5.386     -0.054    10.4967     87.430     38.996  25.401833     4.8255      7.217   334.3706 3.1936e+00    20.8210      5.281      7.660     7.5671 0.0000e+00
      5.367     -0.066    10.4937     87.317     38.899  25.338893     4.8119      7.218   334.1504 3.2331e+00    21.3824      5.260      7.628     7.5671 0.0000e+00
      5.353     -0.072    10.4891     87.237     38.950  25.372275     4.6511      7.220   333.7252 3.2903e+00    25.5476      5.252      7.618     7.5675 0.0000e+00
      5.334     -0.067    10.4801     87.168     39.031  25.424933     4.3381      7.221   333.3596 3.4087e+00    33.2310      5.234      7.593     7.5679 0.0000e+00
      5.307     -0.053    10.4631     87.090     39.098  25.468228     4.1571      7.221   333.2571 3.5206e+00    37.4912      5.201      7.545     7.5684 0.0000e+00
      5.285     -0.034    10.4476     87.024     39.365  25.642060     4.1608      7.221   333.2606 3.5682e+00    37.7061      5.176      7.507     7.5685 0.0000e+00
      5.279     -0.014    10.4403     87.008     39.533  25.750938     4.3911      7.220   333.2291 3.5557e+00    35.0438      5.172      7.501     7.5683 0.0000e+00
      5.284      0.008    10.4328     87.009     39.174  25.516232     4.8023      7.216   333.0490 3.5048e+00    30.1010      5.180      7.513     7.5683 0.0000e+00
      5.296      0.026    10.4228     86.964     38.906  25.341076     5.0209      7.210   332.4600 3.4374e+00    27.4402      5.193      7.532     7.5684 0.0000e+00
      5.310      0.030    10.4119     86.865     39.011  25.408918     5.0195      7.203   331.3556 3.3797e+00    27.1935      5.208      7.552     7.5682 0.0000e+00
      5.323      0.018    10.4110     86.699     39.072  25.448637     4.9100      7.200   330.3650 3.3291e+00    26.5719      5.220      7.571     7.5676 0.0000e+00
      5.335     -0.006    10.4184     86.520     39.060  25.440800     4.7129      7.202   330.0331 3.2961e+00    25.3894      5.233      7.591     7.5667 0.0000e+00
      5.339     -0.034    10.4079     86.365     39.060  25.440996     4.5926      7.205   329.9232 3.3384e+00    24.7160      5.245      7.607     7.5656 0.0000e+00
      5.324     -0.064    10.4028     86.268     39.074  25.451016     4.5784      7.208   329.6388 3.4686e+00    24.7834      5.229      7.584     7.5644 0.0000e+00
      5.290     -0.094    10.3761     86.249     39.049  25.435108     4.5503      7.210   329.2608 3.6077e+00    26.1692      5.186      7.523     7.5639 0.0000e+00
      5.255     -0.119    10.3540     86.206     38.957  25.375490     4.4774      7.212   329.3968 3.7177e+00    28.6287      5.150      7.469     7.5642 0.0000e+00
      5.224     -0.131    10.3378     86.205     38.939  25.364376     4.4294      7.215   330.0796 3.8555e+00    29.9602      5.126      7.434     7.5649 0.0000e+00
      5.189     -0.128    10.3148     86.295     39.035  25.427575     4.4193      7.217   330.3753 4.0508e+00    30.1074      5.094      7.387     7.5660 0.0000e+00
      5.146     -0.116    10.3308     86.373     39.153  25.505422     4.4214      7.219   330.3045 4.2436e+00    30.0664      5.043      7.315     7.5665 0.0000e+00
      5.110     -0.102    10.3135     86.407     39.213  25.544579     4.5383      7.219   330.0835 4.3697e+00    29.2938      5.003      7.257     7.5670 0.0000e+00
      5.088     -0.092    10.3102     86.427     39.177  25.520496     4.7507      7.219   329.6820 4.4392e+00    27.8712      4.987      7.232     7.5679 0.0000e+00
      5.077     -0.087    10.3311     86.453     39.097  25.467922     4.8504      7.221   329.4084 4.4797e+00    27.0769      4.978      7.221     7.5688 0.0000e+00
      5.067     -0.087    10.3383     86.490     39.017  25.416272     4.8454      7.223   329.7871 4.5487e+00    26.9999      4.971      7.211     7.5694 0.0000e+00
      5.051     -0.091    10.3422     86.545     38.996  25.403361     4.8402      7.225   330.8186 4.7223e+00    27.3496      4.959      7.192     7.5693 0.0000e+00
      5.022     -0.096    10.3416     86.558     39.050  25.438660     4.8376      7.226   331.3838 4.9737e+00    28.0610      4.928      7.148     7.5692 0.0000e+00
      4.983     -0.098    10.3474     86.524     39.087  25.462548     4.8311      7.227   331.2005 5.2052e+00    28.4270      4.884      7.084     7.5693 0.0000e+00
      4.949     -0.095    10.3478     86.526     39.050  25.438510     4.8189      7.228   330.9253 5.3488e+00    28.3250      4.846      7.030     7.5693 0.0000e+00
      4.927     -0.087    10.3599     86.552     38.993  25.401695     4.8475      7.229   330.8960 5.4197e+00    27.3058      4.827      7.002     7.5697 0.0000e+00
      4.914     -0.077    10.3630     86.548     38.987  25.397953     4.9200      7.228   331.1046 5.4854e+00    25.4978      4.819      6.990     7.5700 0.0000e+00
      4.901     -0.070    10.3504     86.503     38.980  25.393258     4.9535      7.227   331.2957 5.5665e+00    24.5352      4.808      6.973     7.5699 0.0000e+00
      4.886     -0.070    10.3539     86.422     38.905  25.344935     4.9361      7.227   331.4005 5.6567e+00    24.3777      4.792      6.950     7.5702 0.0000e+00
      4.870     -0.075    10.3599     86.336     38.868  25.321040     4.9185      7.228   331.5972 5.7532e+00    23.7646      4.776      6.927     7.5705 0.0000e+00
      4.850     -0.077    10.3589     86.276     38.924  25.358020     4.9241      7.228   331.8665 5.8690e+00    22.7578      4.758      6.900     7.5705 0.0000e+00
      4.826     -0.071    10.3540     86.237     39.006  25.411549     4.9376      7.226   332.0758 6.0541e+00    22.2477      4.735      6.868     7.5708 0.0000e+00
      4.797     -0.062    10.3423     86.206     39.082  25.460894     4.9317      7.223   332.0628 6.2561e+00    22.2424      4.704      6.822     7.5710 0.0000e+00
      4.775     -0.058    10.3302     86.189     39.062  25.447284     4.8941      7.222   331.4512 6.3191e+00    22.5235      4.673      6.778     7.5714 0.0000e+00
      4.771     -0.060    10.3234     86.194     38.950  25.373830     4.8407      7.223   330.5314 6.2477e+00    23.0502      4.673      6.777     7.5717 0.0000e+00
      4.779     -0.066    10.3203     86.224     38.888  25.333808     4.8192      7.225   330.3194 6.2488e+00    23.3834      4.695      6.809     7.5717 0.0000e+00
      4.771     -0.076    10.3153     86.264     38.903  25.343891     4.8336      7.226   330.8670 6.4660e+00    23.4787      4.689      6.802     7.5714 0.0000e+00
      4.739     -0.089    10.3135     86.309     38.941  25.368907     4.8319      7.226   331.4735 6.7991e+00    23.6218      4.648      6.742     7.5709 0.0000e+00
      4.699     -0.102    10.3136     86.369     38.961  25.382600     4.7488      7.227   331.8889 7.0960e+00    25.3528      4.605      6.678     7.5707 0.0000e+00
      4.665     -0.109    10.3184     86.440     38.961  25.382607     4.6198      7.228   332.0182 7.3450e+00    28.6260      4.574      6.634     7.5710 0.0000e+00
      4.636     -0.105    10.3233     86.490     38.939  25.369000     4.5531      7.229   331.4012 7.5671e+00    30.4394      4.545      6.592     7.5715 0.0000e+00
      4.611     -0.090    10.3276     86.520     38.901  25.344920     4.5419      7.231   330.3649 7.7448e+00    30.6427      4.521      6.556     7.5718 0.0000e+00
