Data/DataNotYetUploadedToEDI/Raw_CTD/RawDownloads/031824_fcr50_S7809002.cnv
* Sea-Bird SBE19plus  Data File:
* FileName = C:\R\Reservoirs\Data\DataNotYetUploadedToEDI\Raw_CTD\RawDownloads\031824_fcr50_S7809_0002.hex
* Software version 2.8.0.119
* Temperature SN = 7809
* Conductivity SN = 7809
* System UpLoad Time = Mar 18 2024 15:45:39
* <ApplicationData>
* <Seaterm232>
# nquan = 15
# nvalues = 1769                        
# units = specified
# name 0 = depFM: Depth [fresh water, m]
# name 1 = dz/dtM: Descent Rate [m/s]
# name 2 = sbeox0Mg/L: Oxygen, SBE 43 [mg/l]
# name 3 = sbeox0PS: Oxygen, SBE 43 [% saturation]
# name 4 = specc: Specific Conductance [uS/cm]
# name 5 = c0uS/cm: Conductivity [uS/cm]
# name 6 = flECO-AFL: Fluorescence, WET Labs ECO-AFL/FL [mg/m^3]
# name 7 = ph: pH
# name 8 = orp: Oxidation Reduction Potential [mV]
# name 9 = par/sat/log: PAR/Logarithmic, Satlantic
# name 10 = turbWETntu0: Turbidity, WET Labs ECO [NTU]
# name 11 = prdM: Pressure, Strain Gauge [db]
# name 12 = prdE: Pressure, Strain Gauge [psi]
# name 13 = tv290C: Temperature [ITS-90, deg C]
# name 14 = flag:  0.000e+00
# span 0 =     -0.732,      9.530       
# span 1 =     -0.257,      0.311       
# span 2 =    -0.3053,    11.7510       
# span 3 =     -1.742,    104.741       
# span 4 =      0.270,    442.804       
# span 5 =   0.165206, 288.940999       
# span 6 =    -2.1895,   227.2282       
# span 7 =      5.280,      7.273       
# span 8 =    64.3384,   963.5297       
# span 9 = 1.2364e-01, 1.0803e+03       
# span 10 =    -8.6840,   130.2558      
# span 11 =     -0.718,      9.346      
# span 12 =     -1.042,     13.555      
# span 13 =     5.4916,    11.5825      
# span 14 = 0.0000e+00, 0.0000e+00      
# interval = seconds: 0.25
# start_time = Mar 18 2024 11:44:08 [Instrument's time stamp, header]
# bad_flag = -9.990e-29
*END*
[from data line 482]
      2.389      0.058    10.2178     93.220     37.200  27.020088    11.0177      7.052   300.0041 6.5072e+01     3.5853      2.347      3.405    11.4725 0.0000e+00
      2.398      0.063    10.2126     93.125     37.149  26.892288    13.2186      7.050   299.8682 6.4608e+01     3.9807      2.350      3.409    11.4390 0.0000e+00
      2.413      0.062    10.2084     92.847     37.321  26.905853    14.4342      7.050   299.6763 6.3348e+01     4.2175      2.360      3.422    11.3929 0.0000e+00
      2.439      0.056    10.1975     92.424     37.452  26.930276    14.5619      7.052   299.7495 6.2006e+01     4.1934      2.394      3.472    11.3655 0.0000e+00
      2.464      0.048    10.1929     92.046     37.580  26.997233    14.6382      7.052   300.1507 6.1440e+01     3.7238      2.423      3.515    11.3544 0.0000e+00
      2.474      0.038    10.2293     91.753     37.688  27.081159    14.7488      7.054   300.4838 6.1366e+01     2.8777      2.428      3.521    11.2071 0.0000e+00
      2.475      0.026    10.2426     91.548     37.703  27.120511    14.8091      7.057   300.5073 6.1407e+01     2.4694      2.427      3.520    11.0116 0.0000e+00
      2.475      0.015    10.2015     91.560     37.605  27.092526    14.8422      7.058   300.3490 6.1488e+01     2.4760      2.428      3.521    10.9326 0.0000e+00
      2.475      0.011    10.1680     91.841     37.344  26.933115    15.0822      7.057   300.2043 6.1472e+01     2.5138      2.427      3.520    10.9018 0.0000e+00
      2.476      0.015    10.1371     92.250     37.106  26.715300    15.5224      7.057   300.1345 6.1482e+01     2.6184      2.428      3.522    10.9145 0.0000e+00
      2.477      0.021    10.0934     92.490     37.171  26.615302    15.7703      7.057   300.1932 6.1427e+01     2.6819      2.428      3.521    10.9566 0.0000e+00
      2.483      0.025    10.0800     92.399     37.387  26.611806    15.7826      7.058   300.3115 6.0836e+01     2.6664      2.430      3.525    11.0187 0.0000e+00
      2.497      0.027    10.0957     92.086     37.475  26.609423    15.7704      7.058   300.3614 6.0061e+01     2.6364      2.449      3.552    11.0972 0.0000e+00
      2.511      0.027    10.1658     91.713     37.514  26.649850    15.7556      7.059   300.3665 5.9829e+01     2.5236      2.467      3.579    11.0609 0.0000e+00
      2.517      0.023    10.2598     91.380     37.582  26.720091    15.7455      7.061   300.2867 5.9813e+01     2.3964      2.469      3.581    10.8105 0.0000e+00
      2.519      0.018    10.3098     91.181     37.610  26.761075    15.7653      7.063   300.3426 5.9744e+01     2.3622      2.471      3.584    10.5214 0.0000e+00
      2.521      0.012    10.2847     91.234     37.595  26.764857    15.7785      7.066   300.5259 5.9764e+01     2.3485      2.473      3.587    10.4545 0.0000e+00
      2.522      0.007    10.2217     91.579     37.601  26.765837    15.7803      7.068   300.6109 5.9697e+01     2.3682      2.472      3.586    10.5309 0.0000e+00
      2.524      0.006    10.1790     92.121     37.697  26.836338    15.8032      7.069   300.6810 5.9527e+01     2.4634      2.474      3.589    10.5416 0.0000e+00
      2.527      0.006    10.1436     92.751     37.785  26.919615    15.8311      7.070   300.6858 5.9467e+01     2.5776      2.478      3.594    10.5732 0.0000e+00
      2.528      0.006    10.1363     93.382     37.767  26.948251    15.8509      7.070   300.5823 5.9530e+01     2.6905      2.480      3.597    10.6159 0.0000e+00
      2.528      0.007    10.1895     93.877     37.732  26.992353    15.8351      7.071   300.4622 5.9556e+01     2.7008      2.479      3.596    10.5781 0.0000e+00
      2.529      0.010    10.2542     94.235     37.636  27.008951    15.7896      7.073   300.3526 5.9553e+01     2.5994      2.480      3.597    10.5848 0.0000e+00
      2.530      0.012    10.3155     94.502     37.466  26.958751    15.7751      7.074   300.2893 5.9520e+01     2.5581      2.480      3.597    10.6129 0.0000e+00
      2.534      0.015    10.3876     94.646     37.423  26.956291    15.7848      7.075   300.3850 5.9210e+01     2.5762      2.482      3.600    10.6587 0.0000e+00
      2.542      0.020    10.4145     94.666     37.491  26.979233    15.7233      7.075   300.5636 5.8867e+01     2.6138      2.493      3.615    10.7566 0.0000e+00
      2.548      0.029    10.4199     94.618     37.482  26.918998    15.5888      7.073   300.6414 5.8859e+01     2.6372      2.501      3.627    10.8847 0.0000e+00
      2.551      0.038    10.4256     94.511     37.366  26.798742    15.5072      7.069   300.6379 5.8899e+01     2.5855      2.501      3.628    10.9993 0.0000e+00
      2.556      0.044    10.4311     94.285     37.335  26.730241    15.4946      7.066   300.6934 5.8397e+01     2.5697      2.502      3.627    11.0407 0.0000e+00
      2.572      0.047    10.4405     93.956     37.467  26.724952    15.4611      7.066   300.7966 5.7165e+01     2.6165      2.517      3.650    10.9999 0.0000e+00
      2.596      0.048    10.4608     93.573     37.622  26.734685    15.3938      7.068   300.8528 5.6212e+01     2.6387      2.550      3.698    10.8844 0.0000e+00
      2.612      0.047    10.4635     93.170     37.751  26.784382    15.3545      7.071   301.0290 5.5863e+01     2.6341      2.565      3.720    10.8522 0.0000e+00
      2.621      0.043    10.4369     92.825     37.877  26.881824    15.3440      7.072   301.2923 5.5522e+01     2.5951      2.567      3.725    10.8458 0.0000e+00
      2.628      0.038    10.4428     92.623     37.913  26.961501    15.3251      7.074   301.4548 5.5376e+01     2.5431      2.579      3.741    10.6611 0.0000e+00
      2.633      0.033    10.4440     92.627     37.742  26.923301    15.2675      7.074   301.4463 5.5282e+01     2.4486      2.581      3.743    10.4843 0.0000e+00
      2.638      0.031    10.4005     92.833     37.508  26.800590    15.1809      7.077   301.2751 5.4838e+01     2.3411      2.584      3.747    10.4591 0.0000e+00
      2.649      0.034    10.3585     93.105     37.322  26.619495    15.1262      7.079   301.1910 5.4317e+01     2.3362      2.599      3.769    10.4617 0.0000e+00
      2.661      0.039    10.3170     93.296     37.078  26.319215    15.1138      7.078   301.2890 5.3977e+01     2.3553      2.611      3.787    10.5287 0.0000e+00
      2.668      0.044    10.2777     93.293     37.076  26.150640    15.1984      7.078   301.4279 5.3710e+01     2.3326      2.617      3.797    10.6878 0.0000e+00
      2.676      0.044    10.2852     92.899     37.382  26.230055    15.3589      7.078   301.5805 5.3135e+01     2.3356      2.620      3.801    10.7799 0.0000e+00
      2.691      0.040    10.3453     92.197     37.589  26.327946    15.4309      7.078   301.7580 5.2196e+01     2.3576      2.637      3.823    10.6918 0.0000e+00
      2.710      0.035    10.4072     91.555     37.650  26.382861    15.4034      7.079   301.8530 5.1643e+01     2.3931      2.664      3.862    10.5131 0.0000e+00
      2.721      0.029    10.4857     91.060     37.620  26.386680    15.1759      7.081   301.9535 5.1635e+01     2.3892      2.671      3.875    10.2547 0.0000e+00
      2.723      0.021    10.4996     90.690     37.584  26.374141    14.7684      7.084   302.1138 5.1694e+01     2.2418      2.669      3.871    10.0194 0.0000e+00
      2.724      0.013    10.3961     90.470     37.564  26.358110    14.5467      7.086   302.0702 5.1702e+01     2.0799      2.671      3.874     9.9953 0.0000e+00
      2.724      0.008    10.3215     90.398     37.421  26.256268    14.5423      7.087   301.9427 5.1648e+01     2.0713      2.672      3.874    10.0331 0.0000e+00
      2.724      0.008    10.2561     90.479     37.276  26.157528    14.7077      7.088   301.9484 5.1612e+01     2.2060      2.671      3.873    10.0718 0.0000e+00
      2.725      0.010    10.2048     90.626     37.288  26.179005    15.0065      7.089   302.0530 5.1537e+01     2.3768      2.671      3.874    10.0976 0.0000e+00
      2.730      0.010    10.1892     90.702     37.363  26.262273    15.1592      7.092   302.2614 5.1306e+01     2.4279      2.675      3.880    10.0764 0.0000e+00
      2.735      0.010    10.1756     90.710     37.423  26.339862    15.1557      7.095   302.4026 5.1097e+01     2.3459      2.684      3.893    10.0796 0.0000e+00
      2.739      0.011    10.1895     90.781     37.424  26.356104    15.1137      7.095   302.4701 5.1062e+01     2.3081      2.688      3.897    10.0815 0.0000e+00
      2.740      0.017    10.2115     90.969     37.260  26.204993    15.0508      7.093   302.3041 5.1078e+01     2.4147      2.686      3.896    10.0890 0.0000e+00
      2.740      0.027    10.2087     91.197     37.019  25.908032    15.0196      7.091   301.9436 5.1064e+01     2.5073      2.687      3.897    10.1396 0.0000e+00
      2.741      0.037    10.1856     91.281     37.009  25.682822    15.0106      7.089   301.9831 5.1022e+01     2.4713      2.687      3.897    10.2001 0.0000e+00
      2.748      0.045    10.1851     91.039     37.263  25.638069    15.0090      7.088   302.2656 5.0394e+01     2.3895      2.687      3.898    10.2306 0.0000e+00
      2.770      0.051    10.2157     90.531     37.523  25.683793    15.1582      7.090   302.4333 4.9034e+01     2.4403      2.712      3.935    10.2059 0.0000e+00
      2.799      0.055    10.2848     89.954     37.653  25.728167    15.4492      7.092   302.5480 4.8124e+01     2.6069      2.753      3.995    10.0507 0.0000e+00
      2.814      0.056    10.3940     89.372     37.658  25.730612    15.6057      7.094   302.3628 4.7931e+01     2.6961      2.764      4.009     9.6965 0.0000e+00
      2.819      0.054    10.4480     88.765     37.526  25.649927    15.6110      7.095   301.8287 4.7649e+01     2.7333      2.761      4.004     9.3456 0.0000e+00
      2.827      0.050    10.4205     88.204     37.334  25.513670    15.6545      7.095   301.5100 4.7225e+01     2.6471      2.772      4.020     9.1750 0.0000e+00
      2.838      0.048    10.3592     87.767     37.248  25.414962    15.7580      7.095   301.6073 4.6688e+01     2.4738      2.782      4.035     9.1481 0.0000e+00
      2.853      0.050    10.2943     87.434     37.247  25.344288    15.8222      7.097   301.7997 4.5950e+01     2.4138      2.797      4.056     9.1567 0.0000e+00
      2.870      0.052    10.2145     87.180     37.315  25.293288    15.8317      7.100   302.0295 4.5354e+01     2.4000      2.816      4.085     9.1786 0.0000e+00
      2.885      0.050    10.1405     86.948     37.492  25.305578    15.9055      7.100   302.3210 4.4886e+01     2.4100      2.829      4.104     9.1915 0.0000e+00
      2.898      0.045    10.1125     86.674     37.700  25.365934    16.0481      7.102   302.2268 4.4352e+01     2.4316      2.841      4.121     9.1221 0.0000e+00
      2.910      0.040    10.0926     86.391     37.766  25.388764    16.1251      7.105   301.7503 4.3894e+01     2.4216      2.854      4.140     9.0365 0.0000e+00
      2.920      0.035    10.1004     86.169     37.640  25.327927    16.1288      7.107   301.5509 4.3655e+01     2.3921      2.865      4.156     8.8988 0.0000e+00
      2.925      0.033    10.1178     85.994     37.528  25.264578    16.0429      7.108   301.6227 4.3606e+01     2.3472      2.870      4.163     8.7314 0.0000e+00
      2.928      0.033    10.1136     85.816     37.553  25.257026    15.8766      7.109   301.7585 4.3477e+01     2.3572      2.869      4.162     8.6108 0.0000e+00
      2.935      0.034    10.0829     85.653     37.567  25.236581    15.7911      7.111   302.1598 4.2978e+01     2.4111      2.873      4.168     8.5794 0.0000e+00
      2.949      0.039    10.0408     85.524     37.550  25.207614    15.8081      7.111   302.6030 4.2388e+01     2.4177      2.892      4.195     8.6538 0.0000e+00
      2.960      0.045    10.0161     85.409     37.598  25.223863    16.0829      7.111   302.6436 4.2174e+01     2.4029      2.907      4.216     8.6880 0.0000e+00
      2.967      0.048    10.0084     85.333     37.650  25.242768    16.6086      7.111   302.4790 4.1805e+01     2.4373      2.906      4.214     8.6227 0.0000e+00
      2.980      0.046     9.9995     85.299     37.669  25.245922    16.9033      7.113   302.4190 4.0946e+01     2.4918      2.918      4.232     8.5763 0.0000e+00
      3.001      0.041     9.9893     85.205     37.687  25.261982    16.9328      7.115   302.3484 4.0312e+01     2.5501      2.948      4.275     8.5652 0.0000e+00
      3.015      0.038     9.9811     85.079     37.734  25.310121    16.9159      7.117   302.3139 4.0143e+01     2.5961      2.962      4.296     8.5417 0.0000e+00
      3.020      0.040     9.9724     85.037     37.714  25.320621    16.5572      7.118   302.4322 4.0104e+01     2.6032      2.961      4.295     8.5197 0.0000e+00
      3.021      0.044     9.9848     85.076     37.592  25.262136    15.8917      7.118   302.4875 4.0063e+01     2.6367      2.962      4.296     8.4985 0.0000e+00
      3.024      0.048     9.9688     85.133     37.546  25.237198    15.5445      7.116   302.7245 3.9773e+01     2.6935      2.962      4.296     8.5082 0.0000e+00
      3.037      0.051     9.9382     85.164     37.620  25.272773    15.4972      7.116   303.4054 3.8892e+01     2.7086      2.970      4.308     8.5340 0.0000e+00
      3.063      0.052     9.9303     85.183     37.702  25.311742    15.1865      7.117   303.7507 3.7812e+01     2.6143      3.004      4.357     8.5623 0.0000e+00
      3.089      0.052     9.9251     85.226     37.742  25.327847    14.6340      7.119   303.4582 3.7301e+01     2.4414      3.038      4.405     8.6102 0.0000e+00
      3.101      0.047     9.9328     85.290     37.770  25.340652    14.3444      7.123   303.2243 3.7232e+01     2.3614      3.043      4.414     8.6196 0.0000e+00
      3.104      0.040     9.9433     85.333     37.766  25.339707    14.3314      7.126   303.3312 3.7157e+01     2.3629      3.043      4.413     8.5840 0.0000e+00
      3.107      0.032     9.9482     85.337     37.722  25.316428    14.4014      7.127   303.5461 3.7024e+01     2.2889      3.048      4.420     8.5647 0.0000e+00
      3.112      0.029     9.9566     85.342     37.701  25.312864    14.5244      7.129   304.0164 3.6773e+01     2.1509      3.052      4.424     8.5512 0.0000e+00
      3.121      0.033     9.9689     85.349     37.655  25.296626    14.5872      7.131   304.6290 3.6358e+01     2.0941      3.059      4.436     8.5392 0.0000e+00
      3.132      0.042     9.9756     85.359     37.580  25.246950    14.6033      7.131   304.7584 3.5966e+01     2.1483      3.072      4.456     8.5450 0.0000e+00
      3.141      0.049     9.9675     85.343     37.573  25.219590    14.7449      7.130   304.7200 3.5725e+01     2.2265      3.084      4.471     8.5561 0.0000e+00
      3.151      0.052     9.9699     85.234     37.603  25.219474    15.0005      7.130   304.8531 3.5215e+01     2.2885      3.086      4.475     8.5606 0.0000e+00
      3.170      0.050     9.9617     85.079     37.654  25.245533    15.1467      7.130   304.7341 3.4246e+01     2.3507      3.104      4.502     8.5957 0.0000e+00
      3.194      0.046     9.9582     84.947     37.710  25.280982    15.1729      7.131   304.4855 3.3586e+01     2.4312      3.139      4.554     8.6100 0.0000e+00
      3.207      0.043     9.9782     84.807     37.675  25.267562    15.1174      7.134   304.9450 3.3523e+01     2.4772      3.150      4.569     8.5509 0.0000e+00
      3.209      0.042     9.9671     84.646     37.567  25.210117    14.9834      7.135   305.9015 3.3517e+01     2.4287      3.145      4.563     8.5245 0.0000e+00
      3.211      0.040     9.9441     84.491     37.489  25.157216    14.9004      7.134   306.3278 3.3402e+01     2.3564      3.148      4.566     8.5233 0.0000e+00
      3.217      0.037     9.9371     84.316     37.489  25.135283    14.8886      7.132   306.3995 3.2947e+01     2.3552      3.150      4.569     8.5080 0.0000e+00
