Data/DataNotYetUploadedToEDI/Raw_CTD/RawDownloads/031824_fcr50_S7809002.cnv
* Sea-Bird SBE19plus  Data File:
* FileName = C:\R\Reservoirs\Data\DataNotYetUploadedToEDI\Raw_CTD\RawDownloads\031824_fcr50_S7809_0002.hex
* Software version 2.8.0.119
* Temperature SN = 7809
* Conductivity SN = 7809
* System UpLoad Time = Mar 18 2024 15:45:39
* <ApplicationData>
* <Seaterm232>
# nquan = 15
# nvalues = 1769                        
# units = specified
# name 0 = depFM: Depth [fresh water, m]
# name 1 = dz/dtM: Descent Rate [m/s]
# name 2 = sbeox0Mg/L: Oxygen, SBE 43 [mg/l]
# name 3 = sbeox0PS: Oxygen, SBE 43 [% saturation]
# name 4 = specc: Specific Conductance [uS/cm]
# name 5 = c0uS/cm: Conductivity [uS/cm]
# name 6 = flECO-AFL: Fluorescence, WET Labs ECO-AFL/FL [mg/m^3]
# name 7 = ph: pH
# name 8 = orp: Oxidation Reduction Potential [mV]
# name 9 = par/sat/log: PAR/Logarithmic, Satlantic
# name 10 = turbWETntu0: Turbidity, WET Labs ECO [NTU]
# name 11 = prdM: Pressure, Strain Gauge [db]
# name 12 = prdE: Pressure, Strain Gauge [psi]
# name 13 = tv290C: Temperature [ITS-90, deg C]
# name 14 = flag:  0.000e+00
# span 0 =     -0.732,      9.530       
# span 1 =     -0.257,      0.311       
# span 2 =    -0.3053,    11.7510       
# span 3 =     -1.742,    104.741       
# span 4 =      0.270,    442.804       
# span 5 =   0.165206, 288.940999       
# span 6 =    -2.1895,   227.2282       
# span 7 =      5.280,      7.273       
# span 8 =    64.3384,   963.5297       
# span 9 = 1.2364e-01, 1.0803e+03       
# span 10 =    -8.6840,   130.2558      
# span 11 =     -0.718,      9.346      
# span 12 =     -1.042,     13.555      
# span 13 =     5.4916,    11.5825      
# span 14 = 0.0000e+00, 0.0000e+00      
# interval = seconds: 0.25
# start_time = Mar 18 2024 11:44:08 [Instrument's time stamp, header]
# bad_flag = -9.990e-29
*END*
[from data line 772]
      5.030      0.000     9.6520     81.912     37.833  25.078997     9.1035      7.190   320.5174 4.8565e+00     2.3667      4.932      7.154     8.1150 0.0000e+00
      5.030      0.000     9.6610     81.918     37.838  25.077287     9.3199      7.190   320.8487 4.8897e+00     2.3864      4.933      7.155     8.1303 0.0000e+00
      5.030      0.001     9.6572     81.901     37.843  25.077185     9.4464      7.191   321.2806 4.8810e+00     2.4427      4.933      7.155     8.1474 0.0000e+00
      5.030      0.003     9.6588     81.876     37.846  25.077752     9.4347      7.191   321.9527 4.8499e+00     2.4320      4.933      7.154     8.1531 0.0000e+00
      5.030      0.011     9.6686     81.844     37.854  25.084144     9.3029      7.191   321.8346 4.8499e+00     2.4284      4.933      7.154     8.1418 0.0000e+00
      5.031      0.027     9.6698     81.798     37.862  25.091053     9.0939      7.187   320.8847 4.8688e+00     2.5349      4.933      7.155     8.1330 0.0000e+00
      5.032      0.046     9.6677     81.751     37.876  25.097867     8.9961      7.182   320.3621 4.8486e+00     2.6275      4.934      7.156     8.1318 0.0000e+00
      5.039      0.061     9.6650     81.714     37.895  25.103109     9.0028      7.177   320.4201 4.7346e+00     2.6596      4.934      7.156     8.1283 0.0000e+00
      5.064      0.070     9.6626     81.679     37.894  25.091012     9.0007      7.176   320.6393 4.5185e+00     2.6498      4.958      7.191     8.1285 0.0000e+00
      5.103      0.071     9.6538     81.634     37.893  25.078424     8.9786      7.177   321.1190 4.3164e+00     2.6795      5.010      7.266     8.1370 0.0000e+00
      5.133      0.065     9.6493     81.574     37.902  25.077735     8.9511      7.177   321.7465 4.2424e+00     2.7460      5.044      7.315     8.1318 0.0000e+00
      5.144      0.055     9.6475     81.514     37.911  25.082672     8.9344      7.177   321.6011 4.2520e+00     2.7370      5.046      7.319     8.1211 0.0000e+00
      5.146      0.045     9.6476     81.471     37.902  25.074696     8.9355      7.177   320.7384 4.2522e+00     2.6722      5.046      7.318     8.1073 0.0000e+00
      5.147      0.044     9.6477     81.467     37.867  25.044717     8.9480      7.174   320.3489 4.2389e+00     2.6113      5.049      7.322     8.0854 0.0000e+00
      5.149      0.051     9.6416     81.491     37.868  25.037284     8.9695      7.171   320.3340 4.2189e+00     2.6502      5.048      7.321     8.0767 0.0000e+00
      5.158      0.061     9.6333     81.486     37.898  25.048244     8.9866      7.169   320.3857 4.1174e+00     2.7325      5.050      7.324     8.0810 0.0000e+00
      5.186      0.067     9.6268     81.437     37.909  25.050384     8.9712      7.169   320.8024 3.9347e+00     2.6834      5.079      7.367     8.0800 0.0000e+00
      5.223      0.068     9.6296     81.396     37.927  25.063148     8.8667      7.170   321.4138 3.8014e+00     2.5354      5.130      7.439     8.0666 0.0000e+00
      5.247      0.068     9.6386     81.399     37.942  25.075734     8.7062      7.172   321.4969 3.7719e+00     2.4116      5.154      7.476     8.0563 0.0000e+00
      5.253      0.062     9.6418     81.433     37.943  25.075733     8.6447      7.173   320.9479 3.7767e+00     2.3826      5.151      7.471     8.0440 0.0000e+00
      5.256      0.052     9.6350     81.479     37.929  25.063137     8.6720      7.174   320.5395 3.7414e+00     2.4239      5.151      7.469     8.0334 0.0000e+00
      5.267      0.043     9.6271     81.536     37.912  25.050265     8.7785      7.175   320.4312 3.6724e+00     2.4327      5.163      7.489     8.0387 0.0000e+00
      5.284      0.043     9.6275     81.595     37.907  25.046930     8.9747      7.176   320.4136 3.6160e+00     2.3860      5.185      7.520     8.0450 0.0000e+00
      5.298      0.045     9.6329     81.665     37.872  25.022820     9.0974      7.178   320.4986 3.5910e+00     2.3725      5.199      7.539     8.0432 0.0000e+00
      5.306      0.045     9.6388     81.745     37.862  25.012424     9.1224      7.180   320.6845 3.5715e+00     2.4059      5.202      7.544     8.0369 0.0000e+00
      5.316      0.041     9.6477     81.796     37.919  25.048064     9.1518      7.182   321.1128 3.5165e+00     2.4133      5.210      7.557     8.0341 0.0000e+00
      5.330      0.039     9.6535     81.828     37.955  25.073230     9.1943      7.183   321.3747 3.4554e+00     2.3942      5.228      7.583     8.0365 0.0000e+00
      5.342      0.041     9.6604     81.845     37.942  25.063033     9.2038      7.183   321.0977 3.4336e+00     2.3800      5.243      7.605     8.0356 0.0000e+00
      5.346      0.045     9.6762     81.848     37.937  25.051608     9.2000      7.183   320.8610 3.4262e+00     2.3782      5.243      7.606     8.0287 0.0000e+00
      5.351      0.046     9.6804     81.859     37.969  25.061916     9.2061      7.183   320.7490 3.3803e+00     2.4060      5.242      7.603     8.0248 0.0000e+00
      5.366      0.044     9.6830     81.873     37.978  25.060816     9.1620      7.184   320.5187 3.2932e+00     2.4772      5.258      7.627     8.0294 0.0000e+00
      5.388      0.042     9.6865     81.889     37.944  25.038309     9.0820      7.185   320.4849 3.2237e+00     2.5564      5.287      7.668     8.0316 0.0000e+00
      5.404      0.040     9.6861     81.912     37.945  25.043453     9.0464      7.186   321.2878 3.2046e+00     2.6114      5.303      7.692     8.0176 0.0000e+00
      5.409      0.039     9.6952     81.936     37.961  25.059594     9.0482      7.186   322.6550 3.1926e+00     2.6297      5.305      7.695     7.9978 0.0000e+00
      5.411      0.036     9.6971     81.940     37.936  25.043224     9.0206      7.186   322.9048 3.1636e+00     2.6074      5.306      7.696     7.9882 0.0000e+00
      5.414      0.035     9.6999     81.931     37.932  25.035783     8.9540      7.187   322.0718 3.1305e+00     2.5804      5.308      7.698     7.9903 0.0000e+00
      5.424      0.037     9.6996     81.932     37.934  25.033028     8.9175      7.188   321.5305 3.0775e+00     2.6117      5.316      7.710     7.9976 0.0000e+00
      5.440      0.044     9.7024     81.939     37.904  25.009915     8.9282      7.187   321.0930 3.0138e+00     2.6778      5.335      7.738     8.0071 0.0000e+00
      5.455      0.049     9.7025     81.937     37.915  25.009996     9.0177      7.186   320.6531 2.9821e+00     2.6627      5.352      7.762     8.0082 0.0000e+00
      5.465      0.051     9.7006     81.903     37.965  25.034000     9.1751      7.187   321.5459 2.9513e+00     2.5657      5.357      7.770     7.9984 0.0000e+00
      5.477      0.049     9.7052     81.862     37.990  25.046467     9.2578      7.188   323.1976 2.8846e+00     2.5296      5.368      7.785     7.9907 0.0000e+00
      5.493      0.047     9.7037     81.834     37.971  25.033887     9.2689      7.188   323.6741 2.8384e+00     2.5674      5.389      7.816     7.9920 0.0000e+00
      5.506      0.047     9.7100     81.809     37.937  25.008740     9.2431      7.188   323.5224 2.8231e+00     2.6130      5.403      7.836     7.9835 0.0000e+00
      5.514      0.046     9.7073     81.794     37.926  24.996081     9.1611      7.188   323.5139 2.7889e+00     2.6364      5.406      7.841     7.9630 0.0000e+00
      5.523      0.041     9.7020     81.802     37.946  25.007665     9.1020      7.189   323.1413 2.7348e+00     2.6118      5.414      7.854     7.9611 0.0000e+00
      5.537      0.035     9.6992     81.822     37.959  25.021959     9.0941      7.190   322.4591 2.6879e+00     2.6227      5.431      7.877     7.9662 0.0000e+00
      5.549      0.030     9.6965     81.857     37.972  25.042083     9.0497      7.189   323.0944 2.6616e+00     2.6312      5.445      7.897     7.9609 0.0000e+00
      5.556      0.026     9.6960     81.927     37.983  25.060729     8.9558      7.189   324.9725 2.6508e+00     2.5437      5.450      7.904     7.9505 0.0000e+00
      5.559      0.022     9.6994     81.993     37.967  25.057165     8.8991      7.189   325.7221 2.6518e+00     2.4189      5.451      7.906     7.9458 0.0000e+00
      5.560      0.018     9.7003     82.042     37.972  25.062417     8.8808      7.190   325.5336 2.6562e+00     2.3186      5.452      7.907     7.9550 0.0000e+00
      5.564      0.017     9.6968     82.082     37.969  25.060815     8.8679      7.191   325.1871 2.6384e+00     2.3210      5.455      7.910     7.9717 0.0000e+00
      5.571      0.017     9.7051     82.088     37.935  25.037797     8.7929      7.192   324.5445 2.6079e+00     2.3796      5.465      7.927     7.9904 0.0000e+00
      5.575      0.017     9.7106     82.067     37.936  25.037783     8.6477      7.192   324.3020 2.5841e+00     2.3789      5.468      7.932     8.0007 0.0000e+00
      5.580      0.016     9.7143     82.042     37.966  25.060645     8.5683      7.192   325.0093 2.5520e+00     2.3459      5.469      7.933     7.9997 0.0000e+00
      5.586      0.014     9.7222     82.015     37.960  25.060540     8.5668      7.192   326.2130 2.5278e+00     2.3227      5.481      7.949     8.0005 0.0000e+00
      5.588      0.015     9.7220     82.000     37.917  25.036524     8.6211      7.192   326.8961 2.5367e+00     2.3716      5.482      7.951     7.9999 0.0000e+00
      5.588      0.020     9.7186     82.007     37.894  25.023945     8.7087      7.193   326.9877 2.5538e+00     2.4246      5.477      7.945     7.9954 0.0000e+00
      5.589      0.028     9.7155     82.013     37.917  25.035286     8.7430      7.191   326.8040 2.5546e+00     2.3828      5.482      7.951     8.0021 0.0000e+00
      5.594      0.037     9.7096     81.998     37.950  25.046808     8.7615      7.189   326.4822 2.5257e+00     2.3783      5.483      7.953     8.0079 0.0000e+00
      5.606      0.043     9.7058     81.958     37.957  25.036411     8.9569      7.189   326.2804 2.4678e+00     2.5414      5.493      7.967     8.0122 0.0000e+00
      5.627      0.046     9.7064     81.921     37.984  25.036403     9.3083      7.188   326.1704 2.4163e+00     2.7836      5.519      8.004     8.0210 0.0000e+00
      5.646      0.046     9.7092     81.906     38.018  25.046688     9.4971      7.188   326.2719 2.3883e+00     2.8812      5.541      8.036     8.0144 0.0000e+00
      5.659      0.043     9.7114     81.896     38.002  25.033911     9.4836      7.188   326.6462 2.3718e+00     2.8670      5.551      8.051     8.0002 0.0000e+00
      5.666      0.038     9.7096     81.890     37.960  25.008754     9.3200      7.188   326.9106 2.3669e+00     2.8851      5.558      8.061     7.9812 0.0000e+00
      5.668      0.034     9.7104     81.897     37.940  24.996192     9.0505      7.189   327.1458 2.3650e+00     2.8952      5.558      8.062     7.9520 0.0000e+00
      5.671      0.033     9.7157     81.915     37.965  25.008865     8.8972      7.190   327.5112 2.3373e+00     2.8529      5.557      8.061     7.9330 0.0000e+00
      5.681      0.033     9.7133     81.942     38.013  25.035148     8.8562      7.191   327.5423 2.2892e+00     2.7835      5.569      8.078     7.9343 0.0000e+00
      5.695      0.034     9.7110     81.987     38.058  25.060297     8.8217      7.192   326.5762 2.2477e+00     2.7730      5.585      8.101     7.9405 0.0000e+00
      5.708      0.035     9.7109     82.038     38.061  25.059258     8.5876      7.193   325.4661 2.2184e+00     2.8635      5.599      8.121     7.9422 0.0000e+00
      5.718      0.036     9.7156     82.092     38.007  25.022580     8.1397      7.193   325.6495 2.2052e+00     2.9546      5.611      8.137     7.9364 0.0000e+00
      5.721      0.034     9.7200     82.182     37.968  24.997337     7.8759      7.194   326.2122 2.2034e+00     2.9185      5.612      8.139     7.9252 0.0000e+00
      5.725      0.029     9.7270     82.287     37.986  25.007724     7.8200      7.194   326.4196 2.1822e+00     2.8035      5.609      8.137     7.9213 0.0000e+00
      5.736      0.024     9.7355     82.351     38.011  25.021333     7.6393      7.194   326.8662 2.1447e+00     2.7247      5.624      8.157     7.9178 0.0000e+00
      5.748      0.020     9.7391     82.390     38.034  25.035036     7.3129      7.194   327.3958 2.1281e+00     2.6494      5.642      8.183     7.9143 0.0000e+00
      5.753      0.017     9.7496     82.434     38.051  25.046566     7.1277      7.195   326.5425 2.1340e+00     2.6100      5.643      8.185     7.9188 0.0000e+00
      5.753      0.012     9.7676     82.438     38.027  25.033901     7.0992      7.195   324.7231 2.1338e+00     2.6243      5.641      8.181     7.9162 0.0000e+00
      5.753      0.006     9.7750     82.397     37.977  25.008753     6.9935      7.195   324.2395 2.1195e+00     2.6174      5.643      8.185     7.9098 0.0000e+00
      5.753      0.002     9.7757     82.350     37.941  24.996183     6.8142      7.195   324.5675 2.1087e+00     2.6291      5.643      8.184     7.9091 0.0000e+00
      5.753      0.001     9.7866     82.310     37.944  25.008767     6.7131      7.195   324.6458 2.1057e+00     2.6290      5.641      8.182     7.9092 0.0000e+00
      5.754      0.001     9.7857     82.287     37.974  25.034080     6.6866      7.195   325.1862 2.1067e+00     2.5817      5.642      8.184     7.9112 0.0000e+00
      5.754      0.001     9.7756     82.307     37.990  25.048572     6.6854      7.195   326.1972 2.1068e+00     2.5694      5.643      8.185     7.9217 0.0000e+00
      5.754      0.002     9.7660     82.359     37.995  25.057157     6.6983      7.196   325.6837 2.1143e+00     2.6171      5.642      8.184     7.9402 0.0000e+00
      5.755      0.002     9.7573     82.414     38.012  25.074472     6.7092      7.197   323.6235 2.1329e+00     2.6807      5.644      8.186     7.9552 0.0000e+00
      5.756      0.002     9.7514     82.470     37.997  25.067668     6.7259      7.197   322.6253 2.1306e+00     2.6892      5.644      8.186     7.9606 0.0000e+00
      5.757      0.002     9.7533     82.505     37.951  25.038308     6.8584      7.197   322.7347 2.1059e+00     2.6167      5.646      8.189     7.9641 0.0000e+00
      5.757      0.002     9.7601     82.488     37.948  25.036584     7.1129      7.198   323.2256 2.0989e+00     2.5898      5.647      8.190     7.9726 0.0000e+00
      5.757      0.003     9.7632     82.427     37.961  25.046814     7.2643      7.199   324.0873 2.1125e+00     2.6715      5.646      8.188     7.9820 0.0000e+00
      5.757      0.006     9.7694     82.327     37.936  25.035165     7.2816      7.200   324.5488 2.1162e+00     2.6827      5.646      8.189     7.9859 0.0000e+00
      5.758      0.011     9.7768     82.178     37.913  25.022575     7.2887      7.200   324.1595 2.1107e+00     2.5884      5.647      8.190     7.9862 0.0000e+00
      5.759      0.015     9.7729     82.018     37.921  25.021431     7.5004      7.200   323.1665 2.1045e+00     2.5913      5.647      8.190     7.9858 0.0000e+00
      5.764      0.019     9.7649     81.875     37.943  25.021328     7.9109      7.200   322.4371 2.0833e+00     2.7169      5.651      8.196     7.9865 0.0000e+00
      5.773      0.023     9.7538     81.754     37.966  25.021320     8.1399      7.201   322.3090 2.0525e+00     2.8088      5.662      8.212     7.9941 0.0000e+00
      5.783      0.028     9.7305     81.669     37.988  25.021320     8.1464      7.201   322.4776 2.0296e+00     2.8144      5.674      8.229     8.0029 0.0000e+00
      5.788      0.032     9.7127     81.625     38.013  25.021313     7.9646      7.200   322.7548 2.0108e+00     2.8539      5.677      8.234     7.9946 0.0000e+00
      5.791      0.033     9.7023     81.627     38.036  25.021211     7.6401      7.200   322.9075 1.9926e+00     2.9783      5.676      8.233     7.9688 0.0000e+00
