Data/DataNotYetUploadedToEDI/Raw_CTD/RawDownloads/031824_bvr50_S7809001.cnv
* Sea-Bird SBE19plus  Data File:
* FileName = C:\R\Reservoirs\Data\DataNotYetUploadedToEDI\Raw_CTD\RawDownloads\031824_fcr50_S7809_0001.hex
* Software version 2.8.0.119
* Temperature SN = 7809
* Conductivity SN = 7809
* System UpLoad Time = Mar 18 2024 15:44:53
* <ApplicationData>
* <Seaterm232>
# nquan = 15
# nvalues = 1490                        
# units = specified
# name 0 = depFM: Depth [fresh water, m]
# name 1 = dz/dtM: Descent Rate [m/s]
# name 2 = sbeox0Mg/L: Oxygen, SBE 43 [mg/l]
# name 3 = sbeox0PS: Oxygen, SBE 43 [% saturation]
# name 4 = specc: Specific Conductance [uS/cm]
# name 5 = c0uS/cm: Conductivity [uS/cm]
# name 6 = flECO-AFL: Fluorescence, WET Labs ECO-AFL/FL [mg/m^3]
# name 7 = ph: pH
# name 8 = orp: Oxidation Reduction Potential [mV]
# name 9 = par/sat/log: PAR/Logarithmic, Satlantic
# name 10 = turbWETntu0: Turbidity, WET Labs ECO [NTU]
# name 11 = prdM: Pressure, Strain Gauge [db]
# name 12 = prdE: Pressure, Strain Gauge [psi]
# name 13 = tv290C: Temperature [ITS-90, deg C]
# name 14 = flag:  0.000e+00
# span 0 =     -0.824,      9.374       
# span 1 =     -0.268,      0.115       
# span 2 =     8.2278,    11.7077       
# span 3 =     69.387,    101.920       
# span 4 =      0.143,     40.720       
# span 5 =   0.087826,  28.071698       
# span 6 =    -0.1433,    39.8711       
# span 7 =     -2.388,     10.809       
# span 8 =  -666.8153,  1240.2256       
# span 9 = 1.2368e-01, 4.1410e+02       
# span 10 =    -0.3303,   501.5686      
# span 11 =     -0.808,      9.194      
# span 12 =     -1.173,     13.335      
# span 13 =     5.5497,    11.1823      
# span 14 = 0.0000e+00, 0.0000e+00      
# interval = seconds: 0.25
# start_time = Mar 18 2024 10:14:58 [Instrument's time stamp, header]
# bad_flag = -9.990e-29
*END*
[from data line 675]
      3.602      0.032    10.2087     92.590     28.732  20.738255     6.3391      7.167   306.1254 4.0221e+00     9.1727      3.532      5.122    11.0885 0.0000e+00
      3.609      0.028    10.1664     92.611     28.750  20.749603     6.3255      7.167   306.1394 3.9986e+00     9.1257      3.540      5.135    11.0909 0.0000e+00
      3.616      0.026    10.1624     92.626     28.734  20.737132     6.3835      7.168   306.1510 3.9924e+00     9.1333      3.546      5.143    11.0915 0.0000e+00
      3.621      0.026    10.1834     92.671     28.703  20.714276     6.5077      7.169   306.1798 3.9822e+00     9.2991      3.552      5.150    11.0905 0.0000e+00
      3.626      0.027    10.1912     92.748     28.721  20.726861     6.5862      7.170   306.2298 3.9593e+00     9.4570      3.555      5.156    11.0861 0.0000e+00
      3.632      0.030    10.1923     92.802     28.771  20.762494     6.5842      7.170   306.2398 3.9313e+00     9.4368      3.561      5.164    11.0818 0.0000e+00
      3.639      0.032    10.1926     92.792     28.776  20.764685     6.5342      7.170   306.2999 3.8945e+00     9.3275      3.568      5.174    11.0811 0.0000e+00
      3.650      0.032    10.1974     92.790     28.761  20.753347     6.4807      7.170   306.4407 3.8443e+00     9.2630      3.578      5.190    11.0806 0.0000e+00
      3.661      0.031    10.2081     92.838     28.760  20.752213     6.4699      7.170   306.5651 3.8024e+00     9.2370      3.593      5.211    11.0804 0.0000e+00
      3.670      0.030    10.2187     92.900     28.758  20.750976     6.4946      7.170   306.5993 3.7592e+00     9.2188      3.600      5.221    11.0793 0.0000e+00
      3.675      0.030    10.2126     92.970     28.739  20.738391     6.6630      7.170   306.6825 3.7249e+00     9.2131      3.604      5.227    11.0774 0.0000e+00
      3.680      0.030    10.2085     93.007     28.723  20.726862     6.9658      7.171   306.8827 3.7256e+00     9.2028      3.609      5.234    11.0762 0.0000e+00
      3.685      0.032    10.2217     93.018     28.738  20.738392     7.1343      7.171   307.0409 3.7176e+00     9.1963      3.612      5.239    11.0756 0.0000e+00
      3.693      0.035    10.2214     93.001     28.755  20.750977     7.1608      7.171   307.0466 3.6732e+00     9.1692      3.621      5.251    11.0763 0.0000e+00
      3.705      0.037    10.2373     92.968     28.756  20.752223     7.2530      7.171   307.0379 3.6251e+00     9.1145      3.633      5.270    11.0774 0.0000e+00
      3.718      0.039    10.2358     92.966     28.758  20.753461     7.4330      7.172   307.0215 3.5836e+00     9.1150      3.646      5.289    11.0788 0.0000e+00
      3.729      0.040    10.2387     92.956     28.777  20.765942     7.5484      7.173   306.8481 3.5442e+00     9.1754      3.658      5.305    11.0796 0.0000e+00
      3.737      0.040    10.2382     92.943     28.793  20.776327     7.5496      7.173   306.6628 3.5114e+00     9.2292      3.665      5.315    11.0801 0.0000e+00
      3.745      0.040    10.2271     92.951     28.761  20.752213     7.3729      7.173   306.5868 3.4756e+00     9.2882      3.673      5.327    11.0804 0.0000e+00
      3.755      0.040    10.2344     92.938     28.728  20.728004     7.0512      7.174   306.6182 3.4362e+00     9.3420      3.682      5.341    11.0804 0.0000e+00
      3.766      0.041    10.2307     92.881     28.741  20.737237     6.8809      7.175   306.7845 3.3962e+00     9.3673      3.693      5.357    11.0788 0.0000e+00
      3.778      0.041    10.2284     92.787     28.745  20.737029     6.8789      7.177   307.0485 3.3598e+00     9.4230      3.705      5.375    11.0748 0.0000e+00
      3.790      0.040    10.2331     92.693     28.734  20.725492     6.8850      7.177   307.2291 3.3293e+00     9.4348      3.715      5.390    11.0732 0.0000e+00
      3.800      0.038    10.2328     92.692     28.732  20.724547     6.9214      7.176   307.2477 3.2975e+00     9.3393      3.726      5.405    11.0737 0.0000e+00
      3.809      0.034    10.2236     92.755     28.731  20.725604     6.9953      7.176   307.1016 3.2784e+00     9.2244      3.736      5.419    11.0748 0.0000e+00
      3.818      0.031    10.2179     92.793     28.747  20.738266     7.0370      7.177   306.9251 3.2714e+00     9.1734      3.744      5.430    11.0686 0.0000e+00
      3.825      0.029    10.2001     92.769     28.765  20.750832     7.0344      7.179   306.8337 3.2486e+00     9.2007      3.751      5.440    11.0580 0.0000e+00
      3.830      0.029    10.2036     92.684     28.766  20.750738     6.9299      7.179   306.6856 3.2095e+00     9.2475      3.756      5.448    11.0607 0.0000e+00
      3.836      0.029    10.2144     92.595     28.748  20.737123     6.7399      7.177   306.5966 3.1706e+00     9.3287      3.760      5.454    11.0670 0.0000e+00
      3.843      0.030    10.2162     92.461     28.715  20.713028     6.6434      7.176   306.5314 3.1434e+00     9.4316      3.769      5.465    11.0680 0.0000e+00
      3.852      0.031    10.2189     92.294     28.716  20.713019     6.6196      7.177   306.4138 3.1197e+00     9.4325      3.778      5.479    11.0675 0.0000e+00
      3.862      0.033    10.2003     92.185     28.754  20.737020     6.4353      7.177   306.3796 3.0804e+00     9.3056      3.786      5.493    11.0654 0.0000e+00
      3.871      0.033    10.1982     92.134     28.779  20.749597     6.1223      7.178   306.4615 3.0393e+00     9.1611      3.797      5.508    11.0639 0.0000e+00
      3.878      0.033    10.1830     92.137     28.771  20.738268     5.9645      7.178   306.6305 3.0107e+00     9.1198      3.802      5.515    11.0638 0.0000e+00
      3.886      0.032    10.1566     92.204     28.761  20.726843     5.9594      7.178   306.7023 2.9902e+00     9.1820      3.810      5.525    11.0642 0.0000e+00
      3.895      0.032    10.1494     92.290     28.780  20.738267     5.9599      7.178   306.6412 2.9679e+00     9.1956      3.821      5.540    11.0601 0.0000e+00
      3.903      0.033    10.1458     92.380     28.796  20.749587     5.9542      7.178   306.5796 2.9311e+00     9.1480      3.827      5.550    11.0486 0.0000e+00
      3.911      0.034    10.1471     92.483     28.782  20.736907     5.9575      7.179   306.5596 2.8978e+00     9.1532      3.835      5.563    11.0359 0.0000e+00
      3.919      0.035    10.1600     92.542     28.756  20.711754     5.9665      7.180   306.5707 2.8712e+00     9.1900      3.844      5.575    11.0279 0.0000e+00
      3.928      0.035    10.1710     92.566     28.748  20.699074     5.9545      7.180   306.7147 2.8307e+00     9.2166      3.850      5.584    11.0259 0.0000e+00
      3.938      0.035    10.1769     92.603     28.768  20.710394     5.9195      7.180   306.9246 2.7888e+00     9.2013      3.861      5.601    11.0275 0.0000e+00
      3.948      0.035    10.1947     92.612     28.785  20.721809     5.8937      7.180   306.9572 2.7621e+00     9.1763      3.874      5.618    11.0254 0.0000e+00
      3.956      0.034    10.2047     92.648     28.771  20.710281     5.8926      7.179   306.9371 2.7324e+00     9.2213      3.880      5.628    11.0103 0.0000e+00
      3.964      0.031    10.2037     92.754     28.756  20.697817     5.8972      7.178   307.0252 2.6925e+00     9.2679      3.886      5.637    10.9946 0.0000e+00
      3.972      0.027    10.2168     92.824     28.759  20.697921     5.8082      7.179   306.9898 2.6656e+00     9.2272      3.895      5.650    10.9921 0.0000e+00
      3.981      0.023    10.2127     92.849     28.781  20.711526     5.6324      7.180   306.7674 2.6461e+00     9.1734      3.904      5.663    10.9929 0.0000e+00
      3.987      0.021    10.2105     92.860     28.817  20.735506     5.5522      7.181   306.5735 2.6231e+00     9.1982      3.910      5.672    10.9903 0.0000e+00
      3.990      0.020    10.2368     92.855     28.817  20.734247     5.5957      7.182   306.5379 2.6073e+00     9.2195      3.913      5.675    10.9856 0.0000e+00
      3.992      0.021    10.2391     92.779     28.768  20.696311     5.9674      7.181   306.6814 2.6048e+00     9.1915      3.915      5.677    10.9831 0.0000e+00
      3.994      0.024    10.2444     92.679     28.721  20.657241     6.6334      7.181   306.7604 2.5972e+00     9.1673      3.916      5.680    10.9783 0.0000e+00
      4.001      0.027    10.2443     92.638     28.712  20.642275     6.9980      7.182   306.6317 2.5598e+00     9.1663      3.921      5.687    10.9733 0.0000e+00
      4.011      0.030    10.2488     92.558     28.727  20.642153     7.0140      7.183   306.5021 2.5138e+00     9.2133      3.933      5.705    10.9736 0.0000e+00
      4.022      0.032    10.2411     92.477     28.755  20.655758     6.7266      7.183   306.3985 2.4888e+00     9.2227      3.946      5.724    10.9694 0.0000e+00
      4.031      0.033    10.2194     92.453     28.788  20.679955     6.1871      7.184   306.2393 2.4784e+00     9.1779      3.955      5.736    10.9614 0.0000e+00
      4.037      0.032    10.2342     92.425     28.787  20.681098     5.9009      7.184   306.2119 2.4600e+00     9.1840      3.958      5.742    10.9459 0.0000e+00
      4.044      0.030    10.2241     92.438     28.769  20.669579     5.8884      7.185   306.4109 2.4328e+00     9.2283      3.965      5.752    10.9210 0.0000e+00
      4.053      0.028    10.2123     92.500     28.764  20.667491     5.8523      7.186   306.5811 2.4165e+00     9.2354      3.975      5.765    10.9103 0.0000e+00
      4.060      0.028    10.2182     92.505     28.747  20.655859     5.7724      7.187   306.6343 2.4111e+00     9.1676      3.982      5.775    10.9147 0.0000e+00
      4.067      0.029    10.2080     92.480     28.749  20.655746     5.7291      7.188   306.7099 2.4076e+00     9.0916      3.989      5.785    10.9176 0.0000e+00
      4.073      0.031    10.2064     92.506     28.770  20.666121     5.7285      7.188   306.7213 2.3998e+00     9.1021      3.995      5.794    10.9207 0.0000e+00
      4.079      0.032    10.2225     92.552     28.770  20.654489     5.7409      7.189   306.6861 2.3763e+00     9.1581      3.999      5.800    10.9244 0.0000e+00
      4.088      0.034    10.2189     92.552     28.772  20.641905     5.9373      7.190   306.7151 2.3476e+00     9.1531      4.008      5.813    10.9267 0.0000e+00
      4.100      0.035    10.2105     92.504     28.777  20.640750     6.3213      7.191   306.7268 2.3211e+00     9.1101      4.022      5.833    10.9247 0.0000e+00
      4.110      0.035    10.2189     92.459     28.769  20.640530     6.5384      7.192   306.6553 2.2926e+00     9.0825      4.031      5.847    10.9192 0.0000e+00
      4.119      0.034    10.2314     92.434     28.764  20.639253     6.5569      7.192   306.5395 2.2729e+00     9.0927      4.038      5.857    10.8972 0.0000e+00
      4.127      0.033    10.2417     92.435     28.759  20.625306     6.4782      7.192   306.4453 2.2634e+00     9.1651      4.048      5.872    10.8593 0.0000e+00
      4.135      0.031    10.2334     92.435     28.752  20.598699     6.3192      7.193   306.3764 2.2514e+00     9.2057      4.056      5.882    10.8519 0.0000e+00
      4.142      0.031    10.2247     92.377     28.745  20.571138     6.2326      7.195   306.3948 2.2289e+00     9.2087      4.061      5.889    10.8732 0.0000e+00
      4.149      0.033    10.2181     92.277     28.735  20.545654     6.2384      7.197   306.4959 2.2097e+00     9.2354      4.069      5.903    10.8838 0.0000e+00
      4.156      0.036    10.2236     92.183     28.757  20.544178     6.2976      7.198   306.5659 2.1966e+00     9.1866      4.075      5.911    10.8644 0.0000e+00
      4.164      0.039    10.2383     92.096     28.794  20.553277     6.3910      7.198   306.4665 2.1706e+00     9.0973      4.081      5.920    10.8196 0.0000e+00
      4.177      0.041    10.2412     91.987     28.779  20.528840     6.4432      7.198   306.3265 2.1451e+00     9.0783      4.096      5.941    10.7745 0.0000e+00
      4.190      0.043    10.2338     91.888     28.761  20.502316     6.4633      7.198   306.5086 2.1240e+00     9.1271      4.110      5.960    10.7466 0.0000e+00
      4.202      0.045    10.2293     91.830     28.761  20.486178     6.5588      7.198   306.7759 2.0957e+00     9.1749      4.121      5.976    10.7211 0.0000e+00
      4.213      0.045    10.2323     91.799     28.748  20.460506     6.7151      7.198   306.8048 2.0779e+00     9.1435      4.134      5.995    10.6825 0.0000e+00
      4.223      0.043    10.2214     91.762     28.752  20.445512     6.7887      7.198   306.8574 2.0557e+00     9.1234      4.141      6.006    10.6646 0.0000e+00
      4.233      0.041    10.2134     91.702     28.756  20.431679     6.7835      7.198   307.0679 2.0141e+00     9.1714      4.150      6.018    10.6452 0.0000e+00
      4.246      0.040    10.2170     91.643     28.757  20.420038     6.6108      7.197   307.1984 1.9866e+00     9.1764      4.165      6.041    10.6089 0.0000e+00
      4.257      0.038    10.2201     91.605     28.788  20.431556     6.2645      7.196   307.0589 1.9781e+00     9.1163      4.175      6.057    10.5851 0.0000e+00
      4.265      0.037    10.2257     91.584     28.818  20.444121     6.0671      7.196   306.8447 1.9639e+00     9.0935      4.181      6.065    10.5525 0.0000e+00
      4.274      0.038    10.2243     91.572     28.830  20.445146     6.0476      7.195   306.8447 1.9422e+00     9.1060      4.191      6.079    10.5210 0.0000e+00
      4.282      0.041    10.2214     91.561     28.838  20.443943     6.0621      7.195   306.9735 1.9300e+00     9.0963      4.200      6.092    10.5019 0.0000e+00
      4.290      0.044    10.2227     91.547     28.827  20.429568     6.2333      7.196   307.0258 1.9090e+00     9.0784      4.205      6.099    10.4823 0.0000e+00
      4.302      0.048    10.2237     91.520     28.789  20.398134     6.5447      7.196   307.0467 1.8603e+00     9.0956      4.218      6.117    10.4667 0.0000e+00
      4.318      0.051    10.2261     91.487     28.765  20.380895     6.7149      7.196   307.2260 1.8185e+00     9.1679      4.236      6.143    10.4568 0.0000e+00
      4.333      0.052    10.2266     91.471     28.800  20.411343     6.7180      7.196   307.3866 1.7914e+00     9.2002      4.250      6.163    10.4448 0.0000e+00
      4.347      0.052    10.2296     91.457     28.843  20.449270     6.5070      7.195   307.3532 1.7655e+00     9.1792      4.264      6.184    10.4319 0.0000e+00
      4.360      0.049    10.2287     91.432     28.850  20.459053     6.1030      7.195   307.3391 1.7479e+00     9.1522      4.276      6.202    10.4216 0.0000e+00
      4.372      0.044    10.2235     91.417     28.855  20.466228     5.8700      7.197   307.3883 1.7354e+00     9.1139      4.287      6.218    10.4189 0.0000e+00
      4.383      0.039    10.2201     91.445     28.861  20.472619     5.8292      7.198   307.4317 1.7296e+00     9.1255      4.299      6.237    10.4330 0.0000e+00
      4.392      0.035    10.2149     91.521     28.863  20.472926     5.7510      7.198   307.4327 1.7304e+00     9.1555      4.307      6.249    10.4493 0.0000e+00
      4.399      0.033    10.2103     91.594     28.862  20.469939     5.6147      7.199   307.4008 1.7292e+00     9.1698      4.314      6.257    10.4547 0.0000e+00
      4.406      0.032    10.2048     91.635     28.813  20.436504     5.5380      7.199   307.3899 1.7202e+00     9.1957      4.322      6.268    10.4620 0.0000e+00
      4.413      0.033    10.2058     91.693     28.747  20.385679     5.5320      7.199   307.4734 1.6972e+00     9.1610      4.328      6.277    10.4682 0.0000e+00
      4.421      0.035    10.2186     91.773     28.739  20.362639     5.5250      7.199   307.7224 1.6706e+00     9.1257      4.335      6.287    10.4622 0.0000e+00
      4.430      0.039    10.2308     91.806     28.753  20.348126     5.5120      7.198   307.9918 1.6557e+00     9.1797      4.342      6.298    10.4560 0.0000e+00
