Data/DataNotYetUploadedToEDI/Raw_CTD/RawDownloads/031824_bvr50_S7809001.cnv
* Sea-Bird SBE19plus  Data File:
* FileName = C:\R\Reservoirs\Data\DataNotYetUploadedToEDI\Raw_CTD\RawDownloads\031824_fcr50_S7809_0001.hex
* Software version 2.8.0.119
* Temperature SN = 7809
* Conductivity SN = 7809
* System UpLoad Time = Mar 18 2024 15:44:53
* <ApplicationData>
* <Seaterm232>
# nquan = 15
# nvalues = 1490                        
# units = specified
# name 0 = depFM: Depth [fresh water, m]
# name 1 = dz/dtM: Descent Rate [m/s]
# name 2 = sbeox0Mg/L: Oxygen, SBE 43 [mg/l]
# name 3 = sbeox0PS: Oxygen, SBE 43 [% saturation]
# name 4 = specc: Specific Conductance [uS/cm]
# name 5 = c0uS/cm: Conductivity [uS/cm]
# name 6 = flECO-AFL: Fluorescence, WET Labs ECO-AFL/FL [mg/m^3]
# name 7 = ph: pH
# name 8 = orp: Oxidation Reduction Potential [mV]
# name 9 = par/sat/log: PAR/Logarithmic, Satlantic
# name 10 = turbWETntu0: Turbidity, WET Labs ECO [NTU]
# name 11 = prdM: Pressure, Strain Gauge [db]
# name 12 = prdE: Pressure, Strain Gauge [psi]
# name 13 = tv290C: Temperature [ITS-90, deg C]
# name 14 = flag:  0.000e+00
# span 0 =     -0.824,      9.374       
# span 1 =     -0.268,      0.115       
# span 2 =     8.2278,    11.7077       
# span 3 =     69.387,    101.920       
# span 4 =      0.143,     40.720       
# span 5 =   0.087826,  28.071698       
# span 6 =    -0.1433,    39.8711       
# span 7 =     -2.388,     10.809       
# span 8 =  -666.8153,  1240.2256       
# span 9 = 1.2368e-01, 4.1410e+02       
# span 10 =    -0.3303,   501.5686      
# span 11 =     -0.808,      9.194      
# span 12 =     -1.173,     13.335      
# span 13 =     5.5497,    11.1823      
# span 14 = 0.0000e+00, 0.0000e+00      
# interval = seconds: 0.25
# start_time = Mar 18 2024 10:14:58 [Instrument's time stamp, header]
# bad_flag = -9.990e-29
*END*
     -0.824 8.6275e-20    11.6722     92.661      0.270   0.165107    -0.0589     -2.088   852.8404 3.9042e+02     6.3617     -0.808     -1.172     5.5542 0.0000e+00
     -0.823 7.8435e-21    11.6701     92.615      0.265   0.161856    -0.0665     -0.846   996.5778 3.6217e+02     6.2763     -0.808     -1.171     5.5544 0.0000e+00
     -0.823 7.1350e-22    11.6834     92.625      0.285   0.174126    -0.0752      1.055  1140.3794 3.2917e+02     6.2343     -0.808     -1.171     5.5546 0.0000e+00
     -0.823 6.9755e-23    11.6835     92.670      0.306   0.186774    -0.0729      2.748  1168.3580 3.0335e+02     6.2648     -0.808     -1.171     5.5545 0.0000e+00
     -0.823 6.0170e-23    11.6590     92.725      0.308   0.188104    -0.0716      3.979   579.8709 2.8505e+02     6.3032     -0.808     -1.171     5.5547 0.0000e+00
     -0.824 5.9758e-22    11.6599     92.782      0.312   0.190208    -0.0849      5.119  -373.2964 2.7051e+02     6.2883     -0.808     -1.172     5.5550 0.0000e+00
     -0.824 6.5676e-21    11.6572     92.767      0.348   0.212204    -0.0826      4.678  -342.6279 2.6703e+02     6.2902     -0.808     -1.172     5.5552 0.0000e+00
     -0.824 7.2243e-20    11.6684     92.699      0.329   0.200695    -0.0687      1.410   438.3168 2.7966e+02     6.0863     -0.808     -1.172     5.5554 0.0000e+00
     -0.824 7.9467e-19    11.6709     92.714      0.291   0.177739    -0.0756     -1.649   557.4347 2.9375e+02     5.6333     -0.808     -1.171     5.5555 0.0000e+00
     -0.824 8.7414e-18    11.6840     92.767      0.308   0.188009    -0.0821     -2.388   -48.4258 2.9806e+02     5.3912     -0.808     -1.172     5.5556 0.0000e+00
     -0.824 9.6155e-17    11.6867     92.800      0.324   0.198194    -0.0729     -1.138  -355.4212 2.9071e+02     5.4130     -0.808     -1.172     5.5559 0.0000e+00
     -0.824 1.0577e-15    11.6585     92.780      0.285   0.174201    -0.0649      1.328    28.6875 2.7338e+02     5.6231     -0.808     -1.172     5.5557 0.0000e+00
     -0.824 1.1635e-14    11.6748     92.718      0.248   0.151272    -0.0680      2.749   526.0573 2.5788e+02     5.9171     -0.808     -1.172     5.5552 0.0000e+00
     -0.824 1.2798e-13    11.6775     92.677      0.285   0.174319    -0.0772      1.545   770.3440 2.5003e+02     6.0292     -0.808     -1.172     5.5545 0.0000e+00
     -0.824 1.4078e-12    11.6879     92.749      0.326   0.199503    -0.0764      0.160   439.1897 2.4143e+02     5.9886     -0.808     -1.172     5.5540 0.0000e+00
     -0.824 1.5486e-11    11.6820     92.862      0.331   0.202410    -0.0834      1.815  -289.8033 2.2967e+02     5.2210     -0.808     -1.172     5.5538 0.0000e+00
     -0.824 1.7034e-10    11.6738     92.832      0.343   0.209461    -0.1123      5.313  -643.3535 2.1544e+02     3.7163     -0.807     -1.171     5.5532 0.0000e+00
     -0.824 1.8738e-09    11.6621     92.750      0.258   0.158075    -0.1257      8.540  -666.8153 2.0335e+02     2.8945     -0.808     -1.172     5.5526 0.0000e+00
     -0.824 2.0612e-08    11.6700     92.715      0.143   0.087826    -0.1210     10.601  -227.6005 2.0324e+02     2.8684     -0.808     -1.172     5.5521 0.0000e+00
     -0.823 2.2673e-07    11.7077     92.720      0.197   0.120167    -0.1300     10.809   678.4606 2.0795e+02     2.8534     -0.807     -1.171     5.5523 0.0000e+00
     -0.823      0.000    11.6863     92.747      0.277   0.169070    -0.1433      9.579  1121.0678 2.0577e+02     2.4408     -0.807     -1.171     5.5523 0.0000e+00
     -0.823      0.000    11.6748     92.732      0.283   0.172385    -0.1312      8.134  1109.7630 1.9722e+02     1.7051     -0.807     -1.171     5.5527 0.0000e+00
     -0.823      0.000    11.6725     92.706      0.263   0.160253    -0.1167      7.172  1171.1528 1.9119e+02     1.3017     -0.808     -1.172     5.5525 0.0000e+00
     -0.823      0.003    11.6700     92.721      0.244   0.149067    -0.1012      6.628  1233.9498 1.9475e+02     1.3553     -0.807     -1.171     5.5533 0.0000e+00
     -0.823      0.012    11.6820     92.698      0.266   0.163815     0.1810      6.391  1239.6585 2.0457e+02     2.9002     -0.808     -1.172     5.5522 0.0000e+00
     -0.823      0.022    11.6753     92.533      0.336   0.211889     0.7141      6.337  1240.1761 2.1373e+02     5.8382     -0.806     -1.170     5.5543 0.0000e+00
     -0.821      0.028    11.6680     92.261      0.440   0.286939     1.0094      6.387  1240.2086 2.2010e+02     7.4680     -0.808     -1.173     5.5516 0.0000e+00
     -0.810      0.031    11.6742     92.031      0.466   0.311167     1.0629      6.511  1240.0510 2.2703e+02     7.6099     -0.801     -1.162     5.5566 0.0000e+00
     -0.789      0.034    11.6793     91.905      0.370   0.251466     1.3867      6.660  1238.2710 2.3388e+02     7.8273     -0.770     -1.118     5.5497 0.0000e+00
     -0.774      0.038    11.4951     91.814      0.287   0.198505     1.9951      6.780  1218.6870 2.4321e+02     8.2865     -0.751     -1.089     6.1039 0.0000e+00
     -0.773      0.039    11.0752     91.736      0.523   0.367570     2.3347      6.868  1003.2620 2.5685e+02     8.5158     -0.759     -1.100     7.4400 0.0000e+00
     -0.773      0.039    10.7405     91.702      3.793   2.675659     2.3712      6.957   601.1318 2.6687e+02     8.4820     -0.765     -1.110     8.5768 0.0000e+00
     -0.761      0.044    10.5817     91.715     13.514   9.543095     2.4950      7.082   373.9959 2.7606e+02     8.4924     -0.747     -1.084     9.1671 0.0000e+00
     -0.746      0.059    10.4747     91.737     24.569  17.373029     2.7245      7.242   354.2743 2.8711e+02     8.5395     -0.730     -1.059     9.5498 0.0000e+00
     -0.734      0.084    10.3762     91.737     29.426  20.850201     2.8328      7.390   360.4431 2.9536e+02     8.5045     -0.721     -1.047     9.9041 0.0000e+00
     -0.718      0.105    10.3132     91.726     30.052  21.350027     2.8384      7.486   365.6398 3.0196e+02     8.4101     -0.709     -1.027    10.1457 0.0000e+00
     -0.689      0.115    10.2916     91.722     30.199  21.514253     3.0003      7.534   367.0321 3.0864e+02     8.4231     -0.683     -0.992    10.2492 0.0000e+00
     -0.644      0.115    10.2755     91.709     30.194  21.567783     3.3078      7.564   365.0599 3.1675e+02     8.5945     -0.632     -0.917    10.3307 0.0000e+00
     -0.594      0.106    10.2540     91.699     30.110  21.553456     3.4855      7.599   360.0357 3.2403e+02     8.7391     -0.576     -0.835    10.4184 0.0000e+00
     -0.561      0.093    10.2264     91.975     30.037  21.531301     3.5011      7.645   353.0901 3.3046e+02     8.7366     -0.541     -0.786    10.5172 0.0000e+00
     -0.550      0.078    10.2053     93.089     30.310  21.743792     3.4974      7.691   347.4170 3.4104e+02     8.6675     -0.534     -0.775    10.6178 0.0000e+00
     -0.550      0.062    10.1775     94.577     31.146  22.347241     3.6072      7.722   342.8082 3.5322e+02     8.6552     -0.542     -0.787    10.7205 0.0000e+00
     -0.545      0.046    10.1577     95.234     31.981  22.930524     3.8042      7.738   338.4917 3.6086e+02     8.6562     -0.540     -0.783    10.7984 0.0000e+00
     -0.527      0.031    10.1332     95.135     32.282  23.089331     3.8990      7.744   332.1376 3.6451e+02     8.6461     -0.520     -0.753    10.8463 0.0000e+00
     -0.504      0.017    10.2587     94.996     32.028  22.808858     3.8866      7.746   321.4762 3.6954e+02     8.7036     -0.490     -0.712    10.8744 0.0000e+00
     -0.491      0.007    10.5211     95.318     31.484  22.329307     3.7463      7.745   312.3176 3.7557e+02     8.7358     -0.473     -0.686    10.8784 0.0000e+00
     -0.499      0.003    10.5594     95.804     31.053  21.983378     3.5183      7.741   307.6126 3.7490e+02     8.7278     -0.483     -0.700    10.8722 0.0000e+00
     -0.522      0.005    10.5369     95.175     30.855  21.860098     3.4015      7.731   304.3388 3.6410e+02     8.7438     -0.514     -0.746    10.7961 0.0000e+00
     -0.539      0.015    10.5577     93.729     31.040  22.043514     3.3911      7.716   306.6343 3.4963e+02     8.7580     -0.540     -0.783    10.5967 0.0000e+00
     -0.532      0.029    10.6140     93.071     31.515  22.425649     3.5600      7.701   316.6100 3.4419e+02     8.7291     -0.529     -0.768    10.4223 0.0000e+00
     -0.505      0.040    10.7975     93.352     31.794  22.612558     3.8945      7.689   324.2884 3.5659e+02     8.6334     -0.495     -0.717    10.3578 0.0000e+00
     -0.475      0.042    10.6951     93.641     31.874  22.591357     4.0735      7.679   320.9196 3.6420e+02     8.5577     -0.465     -0.674    10.4024 0.0000e+00
     -0.454      0.030    10.3935     93.590     31.769  22.422859     4.0681      7.671   315.3703 3.1987e+02     8.4977     -0.439     -0.637    10.5055 0.0000e+00
     -0.448      0.006    10.3103     93.515     31.310  22.033584     3.9209      7.666   319.4844 2.8128e+02     8.3847     -0.434     -0.628    10.6092 0.0000e+00
     -0.457     -0.016    10.3964     93.657     30.773  21.625722     3.6744      7.659   324.5456 3.1989e+02     8.3191     -0.445     -0.646    10.6107 0.0000e+00
     -0.476     -0.030    10.4833     94.002     30.387  21.359304     3.5514      7.647   323.1343 3.6358e+02     8.3195     -0.463     -0.671    10.4388 0.0000e+00
     -0.498     -0.031    10.4928     94.246     30.146  21.221829     3.5325      7.633   319.8007 3.7472e+02     8.2874     -0.492     -0.714    10.2659 0.0000e+00
     -0.512     -0.022    10.5051     94.106     30.281  21.358494     3.4796      7.618   319.2571 3.7259e+02     8.2374     -0.509     -0.738    10.1660 0.0000e+00
     -0.512     -0.009    10.5309     93.781     30.687  21.680207     3.3779      7.604   321.1221 3.5901e+02     8.2284     -0.505     -0.732    10.1123 0.0000e+00
     -0.503      0.004    10.5803     93.559     30.840  21.814511     3.2927      7.591   320.1526 3.5194e+02     8.2463     -0.494     -0.717    10.1262 0.0000e+00
     -0.493      0.014    10.6140     93.420     30.749  21.777650     3.2736      7.581   317.6006 3.5501e+02     8.2496     -0.483     -0.700    10.1917 0.0000e+00
     -0.487      0.019    10.5610     93.290     30.657  21.741807     3.2887      7.571   317.1969 3.5742e+02     8.2340     -0.475     -0.688    10.2711 0.0000e+00
     -0.486      0.019    10.4946     93.234     30.566  21.698215     3.4257      7.561   317.1639 3.5706e+02     8.1937     -0.476     -0.690    10.3286 0.0000e+00
     -0.486      0.017    10.4667     93.248     30.460  21.631049     3.6900      7.551   316.8581 3.5576e+02     8.1045     -0.478     -0.694    10.3623 0.0000e+00
     -0.482      0.015    10.4480     93.290     30.355  21.563781     3.8376      7.543   317.5427 3.5343e+02     8.0098     -0.474     -0.687    10.4046 0.0000e+00
     -0.474      0.013    10.4096     93.361     30.277  21.518970     3.8446      7.537   318.2145 3.5346e+02     7.9705     -0.465     -0.674    10.4640 0.0000e+00
     -0.468      0.010    10.3969     93.438     30.199  21.469700     3.8670      7.529   317.8391 3.5626e+02     7.9713     -0.457     -0.662    10.5025 0.0000e+00
     -0.464      0.006    10.4019     93.506     30.115  21.411914     3.9249      7.519   317.6499 3.5794e+02     7.9857     -0.454     -0.658    10.5039 0.0000e+00
     -0.464     -0.001    10.4003     93.494     30.078  21.390939     3.9615      7.509   318.5941 3.5932e+02     8.0409     -0.455     -0.660    10.5123 0.0000e+00
     -0.467     -0.008    10.4069     93.370     30.090  21.406327     3.9520      7.499   319.1027 3.6082e+02     8.0581     -0.458     -0.665    10.5394 0.0000e+00
     -0.470     -0.014    10.4102     93.254     30.091  21.407753     3.8520      7.489   318.6366 3.5847e+02     7.9888     -0.461     -0.670    10.5472 0.0000e+00
     -0.475     -0.016    10.4237     93.219     30.101  21.408186     3.6934      7.480   318.2070 3.5532e+02     7.9893     -0.466     -0.676    10.5431 0.0000e+00
     -0.481     -0.016    10.4235     93.163     30.296  21.538366     3.6229      7.470   317.4370 3.5899e+02     8.0638     -0.472     -0.683    10.5557 0.0000e+00
     -0.488     -0.021    10.3962     92.974     30.470  21.650191     3.6325      7.457   316.0371 3.6604e+02     8.1039     -0.479     -0.695    10.5738 0.0000e+00
     -0.492     -0.031    10.3795     92.719     30.285  21.492090     3.7275      7.441   315.3913 3.7034e+02     8.0975     -0.485     -0.703    10.5745 0.0000e+00
     -0.491     -0.044    10.3849     92.519     30.285  21.465554     3.9046      7.421   315.4796 3.7603e+02     8.0546     -0.482     -0.698    10.5568 0.0000e+00
     -0.495     -0.056    10.3911     92.437     30.817  21.836560     4.0092      7.403   315.1251 3.8843e+02     8.0300     -0.477     -0.691    10.5428 0.0000e+00
     -0.517     -0.064    10.3640     92.401     31.337  22.173446     4.0270      7.388   314.5476 3.9722e+02     8.0400     -0.502     -0.727    10.5383 0.0000e+00
     -0.551     -0.066    10.3444     92.286     31.580  22.241571     4.0115      7.379   314.5199 3.9298e+02     8.0383     -0.545     -0.790    10.4860 0.0000e+00
     -0.578     -0.060    10.3374     92.141     31.629  22.152871     3.8386      7.372   315.0481 3.8686e+02     8.0435     -0.571     -0.826    10.4057 0.0000e+00
     -0.594     -0.045    10.3226     92.064     31.508  21.988571     3.5421      7.365   315.8581 3.8685e+02     8.0687     -0.586     -0.849    10.4393 0.0000e+00
     -0.600     -0.024    10.3280     92.039     31.341  21.840166     3.3996      7.360   316.7411 3.9035e+02     8.0698     -0.593     -0.859    10.4430 0.0000e+00
     -0.598     -0.004    10.3633     91.998     31.313  21.816886     3.4136      7.354   317.0350 3.9433e+02     8.0563     -0.588     -0.852    10.2216 0.0000e+00
     -0.591      0.007    10.4005     91.938     31.418  21.897309     3.5697      7.347   316.7444 3.9353e+02     8.0766     -0.582     -0.843     9.9788 0.0000e+00
     -0.582      0.012    10.4212     91.912     31.541  21.988259     3.8551      7.341   316.4108 3.8754e+02     8.1793     -0.571     -0.828     9.8653 0.0000e+00
     -0.576      0.012    10.4333     91.941     31.600  22.028851     4.0176      7.335   315.9263 3.8181e+02     8.3078     -0.563     -0.815     9.8257 0.0000e+00
     -0.576      0.011    10.4276     92.013     31.575  22.007651     4.0361      7.330   315.1882 3.7829e+02     8.2977     -0.564     -0.817     9.8269 0.0000e+00
     -0.579      0.010    10.4120     92.117     31.555  21.985561     4.0958      7.323   314.8000 3.7810e+02     8.1928     -0.570     -0.825     9.8498 0.0000e+00
     -0.580      0.012    10.4063     92.251     31.615  22.015390     4.2232      7.313   314.9330 3.8248e+02     8.1333     -0.572     -0.829     9.8579 0.0000e+00
     -0.577      0.016    10.4118     92.393     31.694  22.051258     4.3027      7.300   314.9892 3.8748e+02     8.1583     -0.566     -0.820     9.8535 0.0000e+00
     -0.571      0.016    10.4205     92.450     31.819  22.102170     4.3087      7.287   314.1889 3.8915e+02     8.2231     -0.560     -0.813     9.8502 0.0000e+00
     -0.562      0.003    10.4366     92.374     32.394  22.440704     4.2034      7.273   309.2139 3.8963e+02     8.1643     -0.551     -0.799     9.8369 0.0000e+00
     -0.552     -0.028    10.4552     92.226     35.834  24.749370     4.0128      7.261   299.7490 3.9202e+02     8.0284     -0.538     -0.781     9.8165 0.0000e+00
     -0.548     -0.073    10.4823     92.047     40.720  28.071698     3.9188      7.247   292.5001 3.9476e+02     8.0139     -0.534     -0.774     9.7969 0.0000e+00
     -0.559     -0.114    10.5053     91.857     34.543  23.795604     3.8983      7.230   290.1418 3.8996e+02     8.0915     -0.537     -0.779     9.7459 0.0000e+00
     -0.602     -0.141    10.5162     91.671     18.029  12.410665     3.6816      7.215   294.2936 3.6943e+02     8.1474     -0.574     -0.832     9.6406 0.0000e+00
